1.0 0.0
2.0 0.87
2.9 0.94
3.9 1.3
4.9 1.54
5.9 2.89
6.8 1.89
7.8 1.24
8.8 1.13
9.8 0.86
10.7 0.85
11.7 1.01
12.7 0.81
13.7 0.62
14.6 0.65
15.6 0.6
16.6 0.67
17.6 1.16
18.6 0.68
19.5 0.81
20.5 0.63
21.5 1.25
22.5 1.25
23.4 0.83
24.4 1.7
25.4 0.92
26.4 0.67
27.3 0.78
28.3 0.68
29.3 0.83
30.3 0.66
31.2 0.85
32.2 0.75
33.2 0.65
34.2 0.74
35.2 0.76
36.1 0.64
37.1 0.69
38.1 0.61
39.1 0.64
40.0 0.64
41.0 0.71
42.0 1.03
43.0 1.27
43.9 1.25
44.9 0.73
45.9 2.69
46.9 0.73
47.9 0.92
48.8 0.82
49.8 0.74
50.8 0.93
51.8 0.77
52.7 0.68
53.7 0.86
54.7 0.68
55.7 0.76
56.6 1.03
57.6 1.07
58.6 0.64
59.6 0.83
60.5 0.74
61.5 0.73
62.5 0.9
63.5 0.83
64.5 0.87
65.4 0.98
66.4 1.66
67.4 2.51
68.4 1.24
69.3 0.78
70.3 0.86
71.3 0.86
72.3 0.75
73.2 0.88
74.2 0.98
75.2 0.95
76.2 0.67
77.1 0.75
78.1 0.81
79.1 0.84
80.1 0.79
81.1 0.78
82.0 0.91
83.0 0.63
84.0 0.76
85.0 0.8
85.9 0.94
86.9 0.72
87.9 0.95
88.9 1.19
89.8 1.27
90.8 0.86
91.8 0.97
92.8 0.8
93.8 0.81
94.7 1.23
95.7 7.87
96.7 1.23
97.7 1.02
98.6 0.96
99.6 0.86
100.6 1.25
101.6 0.65
102.5 0.9
103.5 0.8
104.5 0.91
105.5 0.82
106.4 1.07
107.4 1.02
108.4 1.34
109.4 1.04
110.4 1.01
111.3 1.01
112.3 1.0
113.3 0.92
114.3 1.03
115.2 0.79
116.2 0.85
117.2 1.2
118.2 0.89
119.1 0.95
120.1 0.92
121.1 0.8
122.1 1.56
123.0 0.92
124.0 0.83
125.0 0.77