0.5 0.0
1.0 1.38
1.5 0.83
2.0 0.8
2.4 0.68
2.9 1.21
3.4 1.29
3.9 1.66
4.4 1.72
4.9 1.58
5.4 2.21
5.9 4.71
6.3 1.86
6.8 1.3
7.3 1.12
7.8 1.37
8.3 1.15
8.8 0.84
9.3 0.97
9.8 0.82
10.3 1.07
10.7 1.32
11.2 1.33
11.7 0.81
12.2 0.75
12.7 0.76
13.2 0.83
13.7 0.61
14.2 0.87
14.6 0.67
15.1 0.7
15.6 0.76
16.1 0.58
16.6 0.82
17.1 1.59
17.6 0.63
18.1 0.69
18.6 0.59
19.0 0.79
19.5 0.83
20.0 0.68
20.5 0.69
21.0 0.76
21.5 2.72
22.0 1.04
22.5 0.78
22.9 0.87
23.4 0.8
23.9 1.79
24.4 2.27
24.9 1.15
25.4 0.85
25.9 0.63
26.4 0.96
26.9 0.96
27.3 0.78
27.8 0.62
28.3 0.94
28.8 0.99
29.3 0.79
29.8 0.85
30.3 0.71
30.8 1.0
31.2 0.59
31.7 0.93
32.2 0.94
32.7 0.77
33.2 0.8
33.7 0.84
34.2 0.75
34.7 0.81
35.2 0.77
35.6 0.82
36.1 0.5
36.6 0.7
37.1 0.65
37.6 0.83
38.1 0.56
38.6 0.66
39.1 0.86
39.6 0.52
40.0 1.03
40.5 0.65
41.0 0.92
41.5 1.15
42.0 1.06
42.5 1.46
43.0 1.06
43.5 1.37
43.9 1.01
44.4 0.95
44.9 1.18
45.4 3.96
45.9 1.33
46.4 0.93
46.9 0.87
47.4 1.04
47.9 1.09
48.3 0.71
48.8 1.01
49.3 0.54
49.8 1.03
50.3 1.16
50.8 0.69
51.3 0.98
51.8 0.58
52.2 0.8
52.7 0.76
53.2 0.88
53.7 0.82
54.2 0.88
54.7 0.81
55.2 0.99
55.7 1.11
56.2 0.91
56.6 1.2
57.1 1.06
57.6 0.81
58.1 0.84
58.6 0.78
59.1 0.78
59.6 1.1
60.1 0.74
60.5 0.74
61.0 0.53
61.5 0.99
62.0 0.65
62.5 0.64