0.0
0.91
0.83
1.06
0.71
0.57
0.51
0.61
0.75
1.18
0.78
0.73
1.24
0.62
0.95
0.74
0.61
0.71
0.63
0.71
0.74
1.15
0.84
1.77
0.8
0.81
0.92
0.96
1.0
0.89
0.89
0.78
0.82
1.27
0.86
0.87
0.78
0.81
1.12
1.0
0.93
0.74
0.73
0.86
1.01
1.12
0.91
1.23
3.6
2.69
1.05
1.2
0.78
0.94
0.77
0.98
0.94
1.06
0.92
1.04
1.02
1.02
1.16
1.28
1.27
1.16
1.21
1.26
1.23
1.3
0.96
1.07
0.89
0.94
1.52
1.15
1.11
0.97
1.08
0.98
0.92
1.04
1.1
1.03
1.38
1.16
1.39
1.19
1.28
0.99
0.94
1.02
0.96
0.94
0.98
0.93
0.97
0.8
0.82
0.89
0.84
0.89
0.99
0.86
0.99
0.87
0.98
0.91
0.94
1.06
0.89
1.03
1.02
1.12
1.03
1.16
0.88
1.0
0.93
0.93
1.1
0.97
0.81
1.19
1.07
1.05
1.0
0.77
0.0
1.46
1.09
0.87
0.96
1.0
1.01
1.06
0.77
0.68
0.67
0.6
0.54
0.73
0.52
0.72
0.54
1.55
1.09
1.03
0.77
0.82
0.79
0.72
1.75
0.72
0.63
0.73
1.07
0.93
0.76
0.97
0.64
0.75
0.79
0.77
0.58
0.6
0.83
0.58
0.76
1.3
1.19
1.3
0.9
1.0
2.39
1.02
0.85
0.74
0.75
0.97
0.96
0.96
1.08
1.19
1.19
0.84
1.07
0.9
1.0
0.64
0.96
0.78
0.9
1.1
1.52
1.19
0.89
0.8
0.92
0.82
1.01
0.87
0.69
0.86
1.02
1.37
0.99
1.04
1.01
0.97
0.78
1.06
0.81
0.91
0.75
0.8
0.92
1.24
0.94
0.97
0.8
0.94
0.96
1.1
1.71
7.1
1.34
1.07
0.8
0.97
1.35
0.97
0.79
0.93
0.93
0.63
0.88
0.83
1.03
1.04
1.02
1.17
0.9
1.02
0.89
1.07
1.05
1.25
1.19
1.3
1.12
0.92
0.89
1.19
0.97
0.88
0.0
4.1
1.45
0.79
1.18
1.37
1.0
1.36
0.9
0.96
1.4
0.97
1.36
1.15
1.3
0.71
0.71
0.91
0.84
0.84
0.64
0.71
0.61
0.65
0.66
0.85
0.76
0.64
0.64
0.79
0.87
0.76
0.66
0.74
2.21
1.34
0.82
0.9
1.09
1.04
1.16
0.88
1.0
1.02
0.7
0.93
0.89
1.13
2.11
1.65
0.72
1.0
0.62
0.55
0.84
0.81
0.95
1.23
0.88
0.85
1.0
0.9
1.21
0.75
0.9
0.84
0.79
0.88
0.93
0.88
0.67
0.97
0.58
0.59
0.64
0.71
0.83
0.93
0.57
0.68
0.88
1.11
0.85
1.8
1.12
1.07
1.05
1.29
1.06
1.17
1.14
1.91
3.2
1.41
1.21
0.66
0.89
1.08
0.71
0.81
0.88
0.86
1.04
0.9
0.98
1.17
0.99
1.19
0.97
1.29
0.94
1.4
1.14
0.89
0.99
0.76
1.11
0.95
0.86
0.82
1.33
0.71
0.85
0.84
0.82
0.71
0.72
0.67
