0.0
0.71
0.77
0.86
0.96
0.85
1.06
1.06
1.17
1.15
1.45
1.63
1.43
1.6
4.58
4.32
1.81
1.36
1.35
1.19
1.34
1.48
1.02
1.26
1.11
1.13
1.21
0.93
1.0
1.02
0.83
0.9
0.91
0.91
0.83
0.8
0.92
0.91
1.1
1.14
0.94
1.19
1.1
1.28
1.15
1.15
0.97
0.86
1.01
0.92
0.86
0.93
0.83
1.06
0.96
1.07
0.85
0.94
0.89
0.87
0.99
0.81
0.76
0.78
0.82
0.74
0.7
0.88
0.85
0.9
0.91
0.82
0.82
1.0
0.83
0.92
0.86
0.79
0.89
0.87
0.77
0.69
0.86
0.8
0.84
0.84
0.88
0.76
0.86
0.74
0.88
0.77
0.65
0.64
0.79
0.74
0.82
0.73
0.79
0.97
0.87
0.74
0.89
0.94
0.83
0.81
0.88
0.92
1.01
0.92
0.87
0.85
0.89
0.98
0.92
0.79
0.96
0.87
0.89
0.95
0.91
1.0
0.93
0.95
0.98
0.87
0.97
0.92
0.0
0.69
0.69
0.7
0.59
0.66
0.73
0.84
0.98
0.74
0.7
1.0
1.01
0.96
1.09
0.82
1.18
0.77
1.05
1.01
1.22
1.31
1.53
1.26
1.27
1.34
1.19
1.71
2.45
7.26
2.29
1.54
1.14
1.33
1.12
1.13
1.26
1.09
1.14
1.21
1.01
1.15
1.22
1.11
0.92
1.23
0.74
1.32
0.96
1.05
1.08
1.15
1.25
0.77
0.85
1.02
0.9
0.81
0.99
0.77
0.71
0.81
0.91
0.86
0.8
0.78
0.74
0.88
0.76
0.86
0.64
0.66
0.8
0.94
0.84
1.03
0.79
1.2
1.0
0.83
0.95
0.68
1.13
1.1
0.94
1.2
1.01
1.59
0.86
1.02
0.99
0.86
0.89
0.91
0.72
0.94
0.78
0.76
0.97
0.85
0.7
0.86
0.89
0.95
0.66
0.96
1.0
0.76
0.78
0.96
1.05
0.93
0.85
0.7
0.88
0.9
0.88
0.79
0.86
0.75
0.65
0.77
0.63
0.59
0.65
0.46
0.42
0.49
0.0
0.75
0.64
0.67
0.58
0.53
0.59
0.62
0.57
0.44
0.71
0.68
0.68
0.7
0.66
0.78
0.85
0.64
0.68
0.65
0.75
0.93
0.74
0.78
0.96
1.09
0.75
0.76
0.77
0.77
0.61
0.89
1.06
1.25
0.64
0.81
0.84
1.09
0.65
0.79
1.0
1.39
1.33
1.44
1.38
0.59
0.99
1.21
0.75
1.08
1.3
1.35
0.88
0.8
1.59
1.53
2.56
3.77
7.15
4.08
1.99
1.74
1.2
1.33
0.91
0.98
1.11
0.81
1.08
0.89
0.78
1.05
0.94
1.38
0.89
1.08
1.03
1.01
0.9
0.96
0.97
1.06
0.89
0.79
1.09
1.0
1.0
0.78
0.86
0.77
1.02
0.93
0.64
0.96
1.13
1.02
0.77
0.72
0.92
0.94
0.95
1.14
1.28
0.86
0.96
0.72
0.83
0.71
0.72
0.73
0.96
0.89
0.91
0.77
0.68
0.6
0.86
0.88
0.72
0.75
0.6
0.73
0.71
0.6
0.74
0.69
0.62
0.59
