0.5 0.0
1.0 0.75
1.5 0.64
2.0 0.67
2.4 0.58
2.9 0.53
3.4 0.59
3.9 0.62
4.4 0.57
4.9 0.44
5.4 0.71
5.9 0.68
6.3 0.68
6.8 0.7
7.3 0.66
7.8 0.78
8.3 0.85
8.8 0.64
9.3 0.68
9.8 0.65
10.3 0.75
10.7 0.93
11.2 0.74
11.7 0.78
12.2 0.96
12.7 1.09
13.2 0.75
13.7 0.76
14.2 0.77
14.6 0.77
15.1 0.61
15.6 0.89
16.1 1.06
16.6 1.25
17.1 0.64
17.6 0.81
18.1 0.84
18.6 1.09
19.0 0.65
19.5 0.79
20.0 1.0
20.5 1.39
21.0 1.33
21.5 1.44
22.0 1.38
22.5 0.59
22.9 0.99
23.4 1.21
23.9 0.75
24.4 1.08
24.9 1.3
25.4 1.35
25.9 0.88
26.4 0.8
26.9 1.59
27.3 1.53
27.8 2.56
28.3 3.77
28.8 7.15
29.3 4.08
29.8 1.99
30.3 1.74
30.8 1.2
31.2 1.33
31.7 0.91
32.2 0.98
32.7 1.11
33.2 0.81
33.7 1.08
34.2 0.89
34.7 0.78
35.2 1.05
35.6 0.94
36.1 1.38
36.6 0.89
37.1 1.08
37.6 1.03
38.1 1.01
38.6 0.9
39.1 0.96
39.6 0.97
40.0 1.06
40.5 0.89
41.0 0.79
41.5 1.09
42.0 1.0
42.5 1.0
43.0 0.78
43.5 0.86
43.9 0.77
44.4 1.02
44.9 0.93
45.4 0.64
45.9 0.96
46.4 1.13
46.9 1.02
47.4 0.77
47.9 0.72
48.3 0.92
48.8 0.94
49.3 0.95
49.8 1.14
50.3 1.28
50.8 0.86
51.3 0.96
51.8 0.72
52.2 0.83
52.7 0.71
53.2 0.72
53.7 0.73
54.2 0.96
54.7 0.89
55.2 0.91
55.7 0.77
56.2 0.68
56.6 0.6
57.1 0.86
57.6 0.88
58.1 0.72
58.6 0.75
59.1 0.6
59.6 0.73
60.1 0.71
60.5 0.6
61.0 0.74
61.5 0.69
62.0 0.62
62.5 0.59
