1.0 0.0
2.0 0.69
2.9 0.69
3.9 0.7
4.9 0.59
5.9 0.66
6.8 0.73
7.8 0.84
8.8 0.98
9.8 0.74
10.7 0.7
11.7 1.0
12.7 1.01
13.7 0.96
14.6 1.09
15.6 0.82
16.6 1.18
17.6 0.77
18.6 1.05
19.5 1.01
20.5 1.22
21.5 1.31
22.5 1.53
23.4 1.26
24.4 1.27
25.4 1.34
26.4 1.19
27.3 1.71
28.3 2.45
29.3 7.26
30.3 2.29
31.2 1.54
32.2 1.14
33.2 1.33
34.2 1.12
35.2 1.13
36.1 1.26
37.1 1.09
38.1 1.14
39.1 1.21
40.0 1.01
41.0 1.15
42.0 1.22
43.0 1.11
43.9 0.92
44.9 1.23
45.9 0.74
46.9 1.32
47.9 0.96
48.8 1.05
49.8 1.08
50.8 1.15
51.8 1.25
52.7 0.77
53.7 0.85
54.7 1.02
55.7 0.9
56.6 0.81
57.6 0.99
58.6 0.77
59.6 0.71
60.5 0.81
61.5 0.91
62.5 0.86
63.5 0.8
64.5 0.78
65.4 0.74
66.4 0.88
67.4 0.76
68.4 0.86
69.3 0.64
70.3 0.66
71.3 0.8
72.3 0.94
73.2 0.84
74.2 1.03
75.2 0.79
76.2 1.2
77.1 1.0
78.1 0.83
79.1 0.95
80.1 0.68
81.1 1.13
82.0 1.1
83.0 0.94
84.0 1.2
85.0 1.01
85.9 1.59
86.9 0.86
87.9 1.02
88.9 0.99
89.8 0.86
90.8 0.89
91.8 0.91
92.8 0.72
93.8 0.94
94.7 0.78
95.7 0.76
96.7 0.97
97.7 0.85
98.6 0.7
99.6 0.86
100.6 0.89
101.6 0.95
102.5 0.66
103.5 0.96
104.5 1.0
105.5 0.76
106.4 0.78
107.4 0.96
108.4 1.05
109.4 0.93
110.4 0.85
111.3 0.7
112.3 0.88
113.3 0.9
114.3 0.88
115.2 0.79
116.2 0.86
117.2 0.75
118.2 0.65
119.1 0.77
120.1 0.63
121.1 0.59
122.1 0.65
123.0 0.46
124.0 0.42
125.0 0.49
