2.0 0.0
3.9 0.71
5.9 0.77
7.8 0.86
9.8 0.96
11.7 0.85
13.7 1.06
15.6 1.06
17.6 1.17
19.5 1.15
21.5 1.45
23.4 1.63
25.4 1.43
27.3 1.6
29.3 4.58
31.2 4.32
33.2 1.81
35.2 1.36
37.1 1.35
39.1 1.19
41.0 1.34
43.0 1.48
44.9 1.02
46.9 1.26
48.8 1.11
50.8 1.13
52.7 1.21
54.7 0.93
56.6 1.0
58.6 1.02
60.5 0.83
62.5 0.9
64.5 0.91
66.4 0.91
68.4 0.83
70.3 0.8
72.3 0.92
74.2 0.91
76.2 1.1
78.1 1.14
80.1 0.94
82.0 1.19
84.0 1.1
85.9 1.28
87.9 1.15
89.8 1.15
91.8 0.97
93.8 0.86
95.7 1.01
97.7 0.92
99.6 0.86
101.6 0.93
103.5 0.83
105.5 1.06
107.4 0.96
109.4 1.07
111.3 0.85
113.3 0.94
115.2 0.89
117.2 0.87
119.1 0.99
121.1 0.81
123.0 0.76
125.0 0.78
127.0 0.82
128.9 0.74
130.9 0.7
132.8 0.88
134.8 0.85
136.7 0.9
138.7 0.91
140.6 0.82
142.6 0.82
144.5 1.0
146.5 0.83
148.4 0.92
150.4 0.86
152.3 0.79
154.3 0.89
156.2 0.87
158.2 0.77
160.2 0.69
162.1 0.86
164.1 0.8
166.0 0.84
168.0 0.84
169.9 0.88
171.9 0.76
173.8 0.86
175.8 0.74
177.7 0.88
179.7 0.77
181.6 0.65
183.6 0.64
185.5 0.79
187.5 0.74
189.5 0.82
191.4 0.73
193.4 0.79
195.3 0.97
197.3 0.87
199.2 0.74
201.2 0.89
203.1 0.94
205.1 0.83
207.0 0.81
209.0 0.88
210.9 0.92
212.9 1.01
214.8 0.92
216.8 0.87
218.8 0.85
220.7 0.89
222.7 0.98
224.6 0.92
226.6 0.79
228.5 0.96
230.5 0.87
232.4 0.89
234.4 0.95
236.3 0.91
238.3 1.0
240.2 0.93
242.2 0.95
244.1 0.98
246.1 0.87
248.0 0.97
250.0 0.92
