1 1062
1 820
3 272
3 523
5 1209
5 65
7 299
7 1038
9 3136
9 602
11 2862
11 2962
13 808
13 524
15 3538
15 457
17 3302
17 348
19 2692
19 745
21 3623
21 93
23 16445
23 1462
25 12798
25 965
27 5216
27 1916
29 33710
29 1000
31 1535
31 824
33 2538
33 896
35 361
35 1645
37 207
37 967
39 1377
39 1102
41 860
41 234
42 1435
42 13
44 12
44 2390
46 1266
46 405
48 2786
48 148
50 182
50 463
52 982
52 259
54 156
54 1715
56 944
56 923
58 82
58 705
60 1420
60 4056
62 468
62 115
64 369
64 287
66 569
66 1683
68 379
68 1249
70 199
70 1119
72 162
72 5041
74 933
74 1850
76 1695
76 2146
78 1199
78 2590
80 1307
80 174
82 41
82 763
83 1332
83 831
85 304
85 1694
87 111
87 409
89 762
89 114
91 90
91 117
93 912
93 1156
95 1234
95 980
97 1736
97 1959
99 611
99 1395
101 9
101 193
103 605
103 1952
105 2044
105 93
107 244
107 883
109 2037
109 1380
111 46
111 353
113 940
113 867
115 1413
115 196
117 277
117 698
119 467
119 1015
121 1085
121 1752
123 368
123 631
125 701
125 408
126 516
126 8
128 410
128 577
130 1730
130 744
132 1155
132 870
134 1614
134 790
136 1975
136 464
138 1240
138 1358
140 209
140 1567
142 206
142 1182
144 295
144 877
146 446
146 27
148 784
148 92
150 198
150 728
152 774
152 62
154 1564
154 409
156 2242
156 109
158 829
158 1601
160 1850
160 321
162 301
162 913
164 563
164 1494
166 411
166 1543
167 30000
167 506
169 305
169 1820
171 5
171 75
173 586
173 773
175 30
175 654
177 1057
177 324
179 762
179 731
181 302
181 166
183 469
183 1301
185 326
185 1105
187 468
187 574
189 1074
189 405
191 46
191 679
193 927
193 221
195 669
195 265
197 145
197 652
199 156
199 955
201 96
201 180
203 41
203 1036
205 138
205 146
207 200
207 151
208 67
208 144
210 859
210 367
212 273
212 447
214 2
214 62
216 606
216 39
218 1042
218 29
220 356
220 726
222 629
222 32
224 31
224 643
226 505
226 96
228 4
228 650
230 45
230 334
232 220
232 1043
234 280
234 646
236 106
236 53
238 619
238 748
240 476
240 213
242 493
242 922
244 34
244 908
246 243
246 93
248 556
248 133
250 221
256 900
