0.0
0.95
1.05
1.01
1.01
1.12
1.08
1.5
2.05
2.35
3.18
2.3
3.0
3.6
1.45
1.1
1.16
1.03
1.09
1.0
1.29
1.12
1.2
1.3
1.3
1.06
1.05
0.88
0.88
1.04
0.93
0.93
0.96
1.04
0.94
0.86
0.87
1.01
0.97
0.98
0.8
0.78
0.87
0.81
0.94
1.0
0.96
1.03
0.78
0.81
0.95
0.95
0.81
0.88
0.95
0.88
0.84
1.07
0.91
0.79
0.97
0.9
0.93
0.84
0.93
0.99
0.92
0.95
0.9
0.99
0.9
0.99
0.84
0.81
0.92
0.78
0.78
0.71
0.76
0.74
1.0
0.79
0.77
0.79
0.76
0.82
0.76
0.88
0.9
0.82
0.72
0.9
0.9
0.79
0.86
0.9
0.95
0.8
0.89
0.86
0.97
0.9
0.88
0.87
0.88
0.86
0.86
0.88
0.74
0.82
0.81
0.92
0.91
0.84
0.64
0.89
0.74
0.86
0.87
0.88
0.95
0.9
0.94
0.82
0.92
0.94
0.81
0.86
0.0
0.77
0.76
1.12
0.93
0.79
0.84
0.84
0.91
1.09
0.83
0.92
0.97
0.98
1.28
1.91
1.66
1.25
1.74
3.46
2.93
1.82
1.57
2.41
2.06
4.04
2.82
1.59
1.04
0.99
0.83
1.05
1.03
0.85
0.69
0.92
1.03
1.03
0.98
1.07
1.11
1.22
0.96
1.14
0.99
1.27
1.09
1.12
1.3
0.91
1.01
0.87
1.0
0.91
0.95
0.85
0.83
0.91
0.94
0.8
0.72
1.14
0.78
0.89
0.88
0.85
0.86
0.9
0.82
0.63
0.67
0.89
0.84
0.77
1.02
0.74
1.05
0.87
0.87
0.82
0.78
0.54
0.78
0.95
0.83
0.67
0.76
0.76
0.91
0.75
0.93
0.76
0.82
0.96
0.96
0.84
0.62
0.83
0.74
0.87
0.68
0.81
0.92
0.78
0.53
0.79
0.71
1.07
0.8
0.76
0.79
0.83
0.56
0.91
0.99
0.75
0.78
0.96
0.71
0.84
0.81
0.81
0.66
0.66
0.69
0.57
0.41
0.39
0.0
0.79
0.58
0.91
0.58
0.95
0.81
0.67
0.6
0.86
0.63
0.58
0.56
0.61
0.6
0.79
0.78
0.7
0.79
0.79
0.55
0.42
0.75
0.81
0.61
0.81
0.61
0.63
1.06
1.1
1.25
1.48
1.63
1.5
1.26
1.01
0.94
1.99
3.44
3.69
2.52
1.63
1.66
0.83
1.19
1.68
1.57
1.56
2.11
2.28
3.75
3.28
2.58
1.76
1.64
0.97
0.96
1.18
0.68
0.65
0.68
0.64
0.89
0.94
0.94
0.72
0.86
0.64
0.53
0.73
0.92
0.75
0.83
1.01
1.03
0.8
0.7
0.72
0.84
1.18
1.0
0.85
1.05
1.0
0.8
1.04
0.95
0.95
0.75
0.97
1.21
0.97
1.0
1.01
0.96
0.84
1.19
0.78
0.78
0.77
0.75
0.7
0.69
1.01
0.82
0.78
0.78
0.63
0.64
0.74
0.62
0.71
0.72
0.5
0.83
0.65
0.53
0.79
0.73
0.63
0.59
0.61
0.83
0.63
0.61
0.46
0.58
0.63
