0.5 0.0
1.0 0.79
1.5 0.58
2.0 0.91
2.4 0.58
2.9 0.95
3.4 0.81
3.9 0.67
4.4 0.6
4.9 0.86
5.4 0.63
5.9 0.58
6.3 0.56
6.8 0.61
7.3 0.6
7.8 0.79
8.3 0.78
8.8 0.7
9.3 0.79
9.8 0.79
10.3 0.55
10.7 0.42
11.2 0.75
11.7 0.81
12.2 0.61
12.7 0.81
13.2 0.61
13.7 0.63
14.2 1.06
14.6 1.1
15.1 1.25
15.6 1.48
16.1 1.63
16.6 1.5
17.1 1.26
17.6 1.01
18.1 0.94
18.6 1.99
19.0 3.44
19.5 3.69
20.0 2.52
20.5 1.63
21.0 1.66
21.5 0.83
22.0 1.19
22.5 1.68
22.9 1.57
23.4 1.56
23.9 2.11
24.4 2.28
24.9 3.75
25.4 3.28
25.9 2.58
26.4 1.76
26.9 1.64
27.3 0.97
27.8 0.96
28.3 1.18
28.8 0.68
29.3 0.65
29.8 0.68
30.3 0.64
30.8 0.89
31.2 0.94
31.7 0.94
32.2 0.72
32.7 0.86
33.2 0.64
33.7 0.53
34.2 0.73
34.7 0.92
35.2 0.75
35.6 0.83
36.1 1.01
36.6 1.03
37.1 0.8
37.6 0.7
38.1 0.72
38.6 0.84
39.1 1.18
39.6 1.0
40.0 0.85
40.5 1.05
41.0 1.0
41.5 0.8
42.0 1.04
42.5 0.95
43.0 0.95
43.5 0.75
43.9 0.97
44.4 1.21
44.9 0.97
45.4 1.0
45.9 1.01
46.4 0.96
46.9 0.84
47.4 1.19
47.9 0.78
48.3 0.78
48.8 0.77
49.3 0.75
49.8 0.7
50.3 0.69
50.8 1.01
51.3 0.82
51.8 0.78
52.2 0.78
52.7 0.63
53.2 0.64
53.7 0.74
54.2 0.62
54.7 0.71
55.2 0.72
55.7 0.5
56.2 0.83
56.6 0.65
57.1 0.53
57.6 0.79
58.1 0.73
58.6 0.63
59.1 0.59
59.6 0.61
60.1 0.83
60.5 0.63
61.0 0.61
61.5 0.46
62.0 0.58
62.5 0.63
