1.0 0.0
2.0 0.77
2.9 0.76
3.9 1.12
4.9 0.93
5.9 0.79
6.8 0.84
7.8 0.84
8.8 0.91
9.8 1.09
10.7 0.83
11.7 0.92
12.7 0.97
13.7 0.98
14.6 1.28
15.6 1.91
16.6 1.66
17.6 1.25
18.6 1.74
19.5 3.46
20.5 2.93
21.5 1.82
22.5 1.57
23.4 2.41
24.4 2.06
25.4 4.04
26.4 2.82
27.3 1.59
28.3 1.04
29.3 0.99
30.3 0.83
31.2 1.05
32.2 1.03
33.2 0.85
34.2 0.69
35.2 0.92
36.1 1.03
37.1 1.03
38.1 0.98
39.1 1.07
40.0 1.11
41.0 1.22
42.0 0.96
43.0 1.14
43.9 0.99
44.9 1.27
45.9 1.09
46.9 1.12
47.9 1.3
48.8 0.91
49.8 1.01
50.8 0.87
51.8 1.0
52.7 0.91
53.7 0.95
54.7 0.85
55.7 0.83
56.6 0.91
57.6 0.94
58.6 0.8
59.6 0.72
60.5 1.14
61.5 0.78
62.5 0.89
63.5 0.88
64.5 0.85
65.4 0.86
66.4 0.9
67.4 0.82
68.4 0.63
69.3 0.67
70.3 0.89
71.3 0.84
72.3 0.77
73.2 1.02
74.2 0.74
75.2 1.05
76.2 0.87
77.1 0.87
78.1 0.82
79.1 0.78
80.1 0.54
81.1 0.78
82.0 0.95
83.0 0.83
84.0 0.67
85.0 0.76
85.9 0.76
86.9 0.91
87.9 0.75
88.9 0.93
89.8 0.76
90.8 0.82
91.8 0.96
92.8 0.96
93.8 0.84
94.7 0.62
95.7 0.83
96.7 0.74
97.7 0.87
98.6 0.68
99.6 0.81
100.6 0.92
101.6 0.78
102.5 0.53
103.5 0.79
104.5 0.71
105.5 1.07
106.4 0.8
107.4 0.76
108.4 0.79
109.4 0.83
110.4 0.56
111.3 0.91
112.3 0.99
113.3 0.75
114.3 0.78
115.2 0.96
116.2 0.71
117.2 0.84
118.2 0.81
119.1 0.81
120.1 0.66
121.1 0.66
122.1 0.69
123.0 0.57
124.0 0.41
125.0 0.39
