0.0 0.0
2.0 0.67
3.9 0.67
5.9 0.74
7.8 0.84
9.8 0.74
11.7 0.69
13.7 0.97
15.6 0.94
17.6 1.12
19.5 1.79
21.5 2.41
23.4 4.04
25.4 2.27
27.3 3.82
29.3 4.22
31.2 2.02
33.2 1.91
35.2 1.24
37.1 1.23
39.1 1.24
41.0 1.2
43.0 1.6
44.9 2.53
46.9 4.12
48.8 3.13
50.8 3.2
52.7 2.26
54.7 1.62
56.6 1.17
58.6 0.98
60.5 0.88
62.5 1.39
64.5 0.89
66.4 1.09
68.4 1.48
70.3 1.49
72.3 1.29
74.2 0.99
76.2 0.98
78.1 0.71
80.1 0.74
82.0 0.71
84.0 0.68
85.9 0.65
87.9 0.66
89.8 0.72
91.8 0.75
93.8 0.66
95.7 0.69
97.7 0.63
99.6 0.81
101.6 0.68
103.5 0.63
105.5 0.68
107.4 0.71
109.4 0.75
111.3 0.87
113.3 0.65
115.2 0.64
117.2 0.66
119.1 0.67
121.1 0.72
123.0 0.66
125.0 1.19
127.0 0.67
128.9 0.64
130.9 0.71
132.8 0.67
134.8 0.72
136.7 0.49
138.7 0.81
140.6 0.72
142.6 0.74
144.5 0.65
146.5 0.64
148.4 0.77
150.4 0.72
152.3 0.67
154.3 0.72
156.2 0.69
158.2 0.71
160.2 0.63
162.1 0.69
164.1 0.75
166.0 0.73
168.0 0.62
169.9 0.67
171.9 0.66
173.8 0.64
175.8 0.77
177.7 0.62
179.7 0.63
181.6 0.71
183.6 0.8
185.5 0.78
187.5 1.1
189.5 0.7
191.4 0.7
193.4 0.65
195.3 0.67
197.3 0.71
199.2 0.49
201.2 0.75
203.1 0.68
205.1 0.71
207.0 0.61
209.0 0.65
210.9 0.8
212.9 0.71
214.8 0.61
216.8 0.74
218.8 0.77
220.7 0.66
222.7 0.76
224.6 0.76
226.6 0.69
228.5 0.73
230.5 0.68
232.4 0.74
234.4 0.73
236.3 0.57
238.3 0.67
240.2 0.69
242.2 0.61
244.1 0.74
246.1 0.75
248.0 0.98
