0.0
1.1
1.01
0.94
1.01
0.98
1.1
1.07
0.95
1.34
1.33
1.12
4.91
1.01
1.14
0.9
0.89
1.09
0.96
1.01
1.05
0.99
1.02
1.2
1.17
0.98
1.25
0.89
0.93
0.95
1.13
1.28
0.97
0.87
1.15
0.99
1.28
1.17
0.96
0.99
1.02
1.04
1.09
0.89
0.98
1.09
0.79
0.88
0.98
0.98
0.88
0.88
0.97
0.97
0.81
1.05
0.95
0.88
1.07
1.01
1.06
0.9
0.94
0.99
1.17
0.9
0.99
1.12
0.98
1.19
0.95
1.02
0.91
1.0
0.81
0.91
0.81
0.93
0.75
0.84
0.83
0.78
0.86
1.03
0.83
0.86
0.8
0.73
0.82
0.78
0.92
0.86
0.79
0.99
0.83
0.81
1.08
0.96
1.03
1.0
1.08
1.0
0.99
0.97
0.81
0.9
0.93
0.83
0.98
0.72
0.91
0.89
0.75
0.94
0.89
1.09
0.93
1.12
1.03
0.88
1.03
1.07
1.03
1.09
0.94
1.12
1.06
0.99
0.0
0.89
1.19
0.95
0.88
1.08
0.96
0.88
1.05
0.89
1.2
0.88
0.95
1.05
0.98
0.85
0.89
0.92
1.51
0.97
1.4
1.2
1.04
1.62
6.19
1.43
0.97
1.01
1.17
1.04
0.74
0.99
0.83
0.68
0.84
1.2
0.88
0.93
1.11
1.04
0.94
0.91
1.11
0.89
0.93
1.22
1.15
0.89
1.17
0.82
0.99
1.19
1.1
1.17
0.8
0.83
0.96
0.72
0.94
0.77
1.08
1.14
1.17
1.03
0.97
0.92
0.77
1.02
0.99
0.83
0.96
0.98
1.51
1.22
1.21
0.94
0.8
0.92
0.85
0.91
0.99
1.03
1.03
0.97
1.04
0.82
0.86
1.01
0.97
0.95
1.1
0.97
0.73
0.84
0.74
1.11
0.91
0.77
0.95
0.98
0.81
0.84
0.94
0.77
0.98
0.9
0.88
0.85
0.8
1.01
0.98
0.79
0.9
0.96
0.81
0.98
1.01
0.97
1.04
1.09
1.08
0.76
0.73
0.82
0.71
0.7
0.54
0.57
0.0
0.97
0.8
0.8
1.13
1.09
0.74
0.82
0.74
1.14
1.0
0.82
0.68
1.03
0.67
0.87
0.96
0.97
0.88
1.03
1.08
0.87
0.76
0.84
1.0
1.0
0.91
0.84
1.18
0.8
0.75
0.96
0.65
0.86
0.98
0.8
1.91
1.01
0.92
1.17
1.16
1.24
1.12
1.12
0.96
0.55
1.61
2.92
6.92
2.47
1.5
0.95
1.07
0.74
0.96
0.96
1.05
1.09
0.99
1.08
0.88
0.57
1.23
1.01
0.85
0.82
0.69
0.8
0.84
0.83
0.83
1.14
0.83
0.79
0.98
0.74
1.23
0.72
0.87
1.17
0.91
0.75
0.87
1.23
0.79
1.08
0.74
0.95
0.58
0.91
0.98
1.38
0.82
0.95
0.8
1.33
1.07
1.03
0.78
0.79
1.04
0.96
0.99
1.01
0.78
1.05
1.17
0.86
0.77
0.91
0.82
0.71
1.1
0.85
0.86
0.6
0.84
0.7
0.85
0.9
0.91
0.94
1.19
0.92
0.92
0.83
0.66
0.45
