0.5 0.0
1.0 0.97
1.5 0.8
2.0 0.8
2.4 1.13
2.9 1.09
3.4 0.74
3.9 0.82
4.4 0.74
4.9 1.14
5.4 1.0
5.9 0.82
6.3 0.68
6.8 1.03
7.3 0.67
7.8 0.87
8.3 0.96
8.8 0.97
9.3 0.88
9.8 1.03
10.3 1.08
10.7 0.87
11.2 0.76
11.7 0.84
12.2 1.0
12.7 1.0
13.2 0.91
13.7 0.84
14.2 1.18
14.6 0.8
15.1 0.75
15.6 0.96
16.1 0.65
16.6 0.86
17.1 0.98
17.6 0.8
18.1 1.91
18.6 1.01
19.0 0.92
19.5 1.17
20.0 1.16
20.5 1.24
21.0 1.12
21.5 1.12
22.0 0.96
22.5 0.55
22.9 1.61
23.4 2.92
23.9 6.92
24.4 2.47
24.9 1.5
25.4 0.95
25.9 1.07
26.4 0.74
26.9 0.96
27.3 0.96
27.8 1.05
28.3 1.09
28.8 0.99
29.3 1.08
29.8 0.88
30.3 0.57
30.8 1.23
31.2 1.01
31.7 0.85
32.2 0.82
32.7 0.69
33.2 0.8
33.7 0.84
34.2 0.83
34.7 0.83
35.2 1.14
35.6 0.83
36.1 0.79
36.6 0.98
37.1 0.74
37.6 1.23
38.1 0.72
38.6 0.87
39.1 1.17
39.6 0.91
40.0 0.75
40.5 0.87
41.0 1.23
41.5 0.79
42.0 1.08
42.5 0.74
43.0 0.95
43.5 0.58
43.9 0.91
44.4 0.98
44.9 1.38
45.4 0.82
45.9 0.95
46.4 0.8
46.9 1.33
47.4 1.07
47.9 1.03
48.3 0.78
48.8 0.79
49.3 1.04
49.8 0.96
50.3 0.99
50.8 1.01
51.3 0.78
51.8 1.05
52.2 1.17
52.7 0.86
53.2 0.77
53.7 0.91
54.2 0.82
54.7 0.71
55.2 1.1
55.7 0.85
56.2 0.86
56.6 0.6
57.1 0.84
57.6 0.7
58.1 0.85
58.6 0.9
59.1 0.91
59.6 0.94
60.1 1.19
60.5 0.92
61.0 0.92
61.5 0.83
62.0 0.66
62.5 0.45
