0.0 0.0
1.0 0.51
2.0 0.57
2.9 0.6
3.9 0.66
4.9 0.81
5.9 0.46
6.8 0.81
7.8 0.71
8.8 0.64
9.8 0.63
10.7 0.73
11.7 0.84
12.7 0.75
13.7 0.77
14.6 0.62
15.6 0.75
16.6 0.7
17.6 0.56
18.6 0.73
19.5 0.69
20.5 0.92
21.5 0.77
22.5 1.01
23.4 1.73
24.4 3.56
25.4 1.87
26.4 1.68
27.3 2.55
28.3 1.95
29.3 1.3
30.3 1.02
31.2 0.96
32.2 0.91
33.2 0.88
34.2 1.38
35.2 1.19
36.1 0.81
37.1 0.91
38.1 0.83
39.1 0.96
40.0 0.83
41.0 0.85
42.0 0.85
43.0 1.17
43.9 1.3
44.9 1.19
45.9 1.55
46.9 2.17
47.9 3.95
48.8 6.17
49.8 5.07
50.8 3.05
51.8 2.37
52.7 2.36
53.7 1.98
54.7 1.67
55.7 1.31
56.6 0.88
57.6 0.88
58.6 0.76
59.6 0.59
60.5 0.82
61.5 0.64
62.5 1.15
63.5 0.68
64.5 0.56
65.4 0.68
66.4 0.71
67.4 0.8
68.4 0.84
69.3 1.0
70.3 1.38
71.3 1.24
72.3 0.91
73.2 1.18
74.2 0.84
75.2 0.84
76.2 1.03
77.1 0.9
78.1 0.73
79.1 0.76
80.1 0.76
81.1 0.64
82.0 0.63
83.0 0.56
84.0 0.72
85.0 0.75
85.9 0.6
86.9 0.75
87.9 0.7
88.9 0.74
89.8 0.52
90.8 0.61
91.8 0.75
92.8 0.59
93.8 0.64
94.7 0.66
95.7 0.66
96.7 0.49
97.7 0.73
98.6 0.52
99.6 0.68
100.6 0.57
101.6 0.75
102.5 0.6
103.5 0.74
104.5 0.58
105.5 0.56
106.4 0.56
107.4 0.74
108.4 0.65
109.4 0.71
110.4 0.57
111.3 0.68
112.3 0.62
113.3 0.63
114.3 0.67
115.2 0.6
116.2 0.58
117.2 0.61
118.2 0.5
119.1 0.62
120.1 0.56
121.1 0.48
122.1 0.57
123.0 0.4
124.0 0.44
