2.0 0.0
3.9 1.1
5.9 1.01
7.8 0.94
9.8 1.01
11.7 0.98
13.7 1.1
15.6 1.07
17.6 0.95
19.5 1.34
21.5 1.33
23.4 1.12
25.4 4.91
27.3 1.01
29.3 1.14
31.2 0.9
33.2 0.89
35.2 1.09
37.1 0.96
39.1 1.01
41.0 1.05
43.0 0.99
44.9 1.02
46.9 1.2
48.8 1.17
50.8 0.98
52.7 1.25
54.7 0.89
56.6 0.93
58.6 0.95
60.5 1.13
62.5 1.28
64.5 0.97
66.4 0.87
68.4 1.15
70.3 0.99
72.3 1.28
74.2 1.17
76.2 0.96
78.1 0.99
80.1 1.02
82.0 1.04
84.0 1.09
85.9 0.89
87.9 0.98
89.8 1.09
91.8 0.79
93.8 0.88
95.7 0.98
97.7 0.98
99.6 0.88
101.6 0.88
103.5 0.97
105.5 0.97
107.4 0.81
109.4 1.05
111.3 0.95
113.3 0.88
115.2 1.07
117.2 1.01
119.1 1.06
121.1 0.9
123.0 0.94
125.0 0.99
127.0 1.17
128.9 0.9
130.9 0.99
132.8 1.12
134.8 0.98
136.7 1.19
138.7 0.95
140.6 1.02
142.6 0.91
144.5 1.0
146.5 0.81
148.4 0.91
150.4 0.81
152.3 0.93
154.3 0.75
156.2 0.84
158.2 0.83
160.2 0.78
162.1 0.86
164.1 1.03
166.0 0.83
168.0 0.86
169.9 0.8
171.9 0.73
173.8 0.82
175.8 0.78
177.7 0.92
179.7 0.86
181.6 0.79
183.6 0.99
185.5 0.83
187.5 0.81
189.5 1.08
191.4 0.96
193.4 1.03
195.3 1.0
197.3 1.08
199.2 1.0
201.2 0.99
203.1 0.97
205.1 0.81
207.0 0.9
209.0 0.93
210.9 0.83
212.9 0.98
214.8 0.72
216.8 0.91
218.8 0.89
220.7 0.75
222.7 0.94
224.6 0.89
226.6 1.09
228.5 0.93
230.5 1.12
232.4 1.03
234.4 0.88
236.3 1.03
238.3 1.07
240.2 1.03
242.2 1.09
244.1 0.94
246.1 1.12
248.0 1.06
250.0 0.99
