1.0 0.0
2.0 1.92
2.9 1.26
3.9 1.61
4.9 1.46
5.9 1.38
6.8 1.33
7.8 1.17
8.8 1.14
9.8 0.98
10.7 1.17
11.7 1.13
12.7 0.88
13.7 0.92
14.6 0.87
15.6 0.71
16.6 0.92
17.6 0.99
18.6 1.16
19.5 0.96
20.5 0.92
21.5 1.01
22.5 0.84
23.4 1.14
24.4 0.86
25.4 0.89
26.4 0.98
27.3 0.92
28.3 0.84
29.3 0.85
30.3 0.9
31.2 0.72
32.2 1.39
33.2 1.13
34.2 0.91
35.2 0.86
36.1 0.82
37.1 0.87
38.1 0.93
39.1 0.91
40.0 0.94
41.0 0.82
42.0 0.86
43.0 1.26
43.9 0.99
44.9 1.04
45.9 1.0
46.9 1.17
47.9 1.02
48.8 1.27
49.8 0.87
50.8 1.14
51.8 0.93
52.7 1.31
53.7 0.91
54.7 1.07
55.7 0.96
56.6 1.15
57.6 0.85
58.6 0.95
59.6 0.76
60.5 0.98
61.5 0.81
62.5 0.87
63.5 1.01
64.5 0.9
65.4 1.14
66.4 1.35
67.4 1.75
68.4 2.27
69.3 2.43
70.3 2.13
71.3 2.98
72.3 3.89
73.2 3.68
74.2 3.69
75.2 1.7
76.2 0.99
77.1 1.06
78.1 0.84
79.1 1.06
80.1 0.66
81.1 0.78
82.0 0.72
83.0 0.73
84.0 0.76
85.0 0.75
85.9 0.83
86.9 0.75
87.9 0.72
88.9 0.73
89.8 0.63
90.8 0.72
91.8 0.65
92.8 0.7
93.8 0.59
94.7 0.63
95.7 0.82
96.7 0.75
97.7 0.86
98.6 0.65
99.6 0.55
100.6 0.69
101.6 0.73
102.5 0.64
103.5 0.64
104.5 0.77
105.5 0.77
106.4 0.48
107.4 0.57
108.4 0.58
109.4 0.58
110.4 0.62
111.3 0.53
112.3 0.66
113.3 0.78
114.3 0.48
115.2 0.61
116.2 0.71
117.2 0.56
118.2 0.59
119.1 0.59
120.1 0.48
121.1 0.49
122.1 0.51
123.0 0.48
124.0 0.47
125.0 0.53
