2.0 0.0
3.9 1.64
5.9 1.89
7.8 1.52
9.8 1.43
11.7 1.3
13.7 1.3
15.6 1.0
17.6 1.09
19.5 1.34
21.5 1.15
23.4 1.35
25.4 1.11
27.3 1.19
29.3 1.01
31.2 1.07
33.2 1.42
35.2 1.14
37.1 1.06
39.1 1.11
41.0 1.05
43.0 0.98
44.9 1.36
46.9 1.34
48.8 1.17
50.8 1.52
52.7 1.17
54.7 1.36
56.6 1.25
58.6 1.13
60.5 1.09
62.5 1.13
64.5 1.37
66.4 1.45
68.4 2.37
70.3 3.08
72.3 3.91
74.2 5.37
76.2 2.32
78.1 1.49
80.1 1.16
82.0 0.91
84.0 0.76
85.9 0.79
87.9 0.84
89.8 0.98
91.8 0.85
93.8 0.8
95.7 0.76
97.7 0.88
99.6 0.8
101.6 0.91
103.5 0.85
105.5 0.84
107.4 0.74
109.4 0.66
111.3 0.7
113.3 0.8
115.2 0.7
117.2 0.88
119.1 0.75
121.1 0.63
123.0 0.63
125.0 0.7
127.0 0.85
128.9 0.68
130.9 0.78
132.8 0.74
134.8 0.92
136.7 0.91
138.7 0.86
140.6 0.79
142.6 0.81
144.5 0.67
146.5 0.83
148.4 0.67
150.4 0.77
152.3 0.83
154.3 0.85
156.2 0.66
158.2 0.7
160.2 0.59
162.1 0.68
164.1 0.73
166.0 0.7
168.0 0.63
169.9 0.67
171.9 0.7
173.8 0.62
175.8 0.64
177.7 0.68
179.7 0.6
181.6 0.59
183.6 0.64
185.5 0.63
187.5 0.62
189.5 0.7
191.4 0.69
193.4 0.76
195.3 0.79
197.3 0.89
199.2 0.8
201.2 0.62
203.1 0.82
205.1 0.9
207.0 0.66
209.0 0.61
210.9 0.72
212.9 0.61
214.8 0.71
216.8 0.62
218.8 0.67
220.7 0.74
222.7 0.75
224.6 0.73
226.6 0.72
228.5 0.82
230.5 0.89
232.4 0.81
234.4 0.85
236.3 0.97
238.3 0.82
240.2 1.0
242.2 1.04
244.1 1.09
246.1 1.07
248.0 0.93
250.0 0.87
