1.0 0.0
2.0 1.25
2.9 1.6
3.9 1.64
4.9 2.06
5.9 1.64
6.8 1.09
7.8 1.04
8.8 1.16
9.8 0.96
10.7 0.93
11.7 0.77
12.7 1.06
13.7 1.05
14.6 1.17
15.6 0.84
16.6 1.04
17.6 1.19
18.6 1.39
19.5 0.97
20.5 1.72
21.5 1.52
22.5 1.17
23.4 1.21
24.4 1.5
25.4 1.41
26.4 1.14
27.3 0.87
28.3 0.67
29.3 0.83
30.3 0.73
31.2 0.8
32.2 0.86
33.2 0.92
34.2 1.1
35.2 0.89
36.1 1.43
37.1 0.86
38.1 0.98
39.1 0.97
40.0 0.77
41.0 1.08
42.0 0.97
43.0 1.15
43.9 1.4
44.9 1.27
45.9 0.99
46.9 1.01
47.9 0.95
48.8 0.88
49.8 0.79
50.8 0.87
51.8 0.83
52.7 0.8
53.7 0.79
54.7 0.72
55.7 0.84
56.6 0.68
57.6 0.66
58.6 0.73
59.6 1.01
60.5 0.77
61.5 0.72
62.5 0.64
63.5 0.71
64.5 0.94
65.4 0.89
66.4 0.89
67.4 0.61
68.4 0.67
69.3 0.72
70.3 0.87
71.3 0.81
72.3 0.99
73.2 0.91
74.2 0.79
75.2 0.87
76.2 0.97
77.1 1.11
78.1 1.22
79.1 1.64
80.1 5.77
81.1 3.27
82.0 1.59
83.0 1.29
84.0 1.29
85.0 1.38
85.9 1.36
86.9 1.01
87.9 0.82
88.9 0.82
89.8 0.82
90.8 0.96
91.8 0.81
92.8 1.18
93.8 1.04
94.7 1.0
95.7 0.86
96.7 0.85
97.7 0.72
98.6 1.03
99.6 0.8
100.6 0.77
101.6 0.9
102.5 0.74
103.5 0.69
104.5 0.63
105.5 0.75
106.4 0.62
107.4 0.64
108.4 0.75
109.4 0.66
110.4 0.63
111.3 0.82
112.3 0.69
113.3 0.67
114.3 0.81
115.2 0.65
116.2 0.54
117.2 0.61
118.2 0.8
119.1 0.82
120.1 0.8
121.1 0.69
122.1 0.68
123.0 0.6
124.0 0.53
125.0 0.47
