0.0
1.64
1.89
1.52
1.43
1.3
1.3
1.0
1.09
1.34
1.15
1.35
1.11
1.19
1.01
1.07
1.42
1.14
1.06
1.11
1.05
0.98
1.36
1.34
1.17
1.52
1.17
1.36
1.25
1.13
1.09
1.13
1.37
1.45
2.37
3.08
3.91
5.37
2.32
1.49
1.16
0.91
0.76
0.79
0.84
0.98
0.85
0.8
0.76
0.88
0.8
0.91
0.85
0.84
0.74
0.66
0.7
0.8
0.7
0.88
0.75
0.63
0.63
0.7
0.85
0.68
0.78
0.74
0.92
0.91
0.86
0.79
0.81
0.67
0.83
0.67
0.77
0.83
0.85
0.66
0.7
0.59
0.68
0.73
0.7
0.63
0.67
0.7
0.62
0.64
0.68
0.6
0.59
0.64
0.63
0.62
0.7
0.69
0.76
0.79
0.89
0.8
0.62
0.82
0.9
0.66
0.61
0.72
0.61
0.71
0.62
0.67
0.74
0.75
0.73
0.72
0.82
0.89
0.81
0.85
0.97
0.82
1.0
1.04
1.09
1.07
0.93
0.87
0.0
1.92
1.26
1.61
1.46
1.38
1.33
1.17
1.14
0.98
1.17
1.13
0.88
0.92
0.87
0.71
0.92
0.99
1.16
0.96
0.92
1.01
0.84
1.14
0.86
0.89
0.98
0.92
0.84
0.85
0.9
0.72
1.39
1.13
0.91
0.86
0.82
0.87
0.93
0.91
0.94
0.82
0.86
1.26
0.99
1.04
1.0
1.17
1.02
1.27
0.87
1.14
0.93
1.31
0.91
1.07
0.96
1.15
0.85
0.95
0.76
0.98
0.81
0.87
1.01
0.9
1.14
1.35
1.75
2.27
2.43
2.13
2.98
3.89
3.68
3.69
1.7
0.99
1.06
0.84
1.06
0.66
0.78
0.72
0.73
0.76
0.75
0.83
0.75
0.72
0.73
0.63
0.72
0.65
0.7
0.59
0.63
0.82
0.75
0.86
0.65
0.55
0.69
0.73
0.64
0.64
0.77
0.77
0.48
0.57
0.58
0.58
0.62
0.53
0.66
0.78
0.48
0.61
0.71
0.56
0.59
0.59
0.48
0.49
0.51
0.48
0.47
0.53
0.0
3.65
2.14
1.39
1.28
1.52
1.57
1.48
1.32
1.24
1.37
1.09
1.24
1.32
1.44
1.09
0.96
0.96
0.93
1.14
1.22
1.02
1.08
1.04
0.94
0.98
0.9
0.86
0.88
0.55
0.57
1.09
0.92
0.73
0.97
1.01
1.29
1.14
0.9
0.99
0.8
1.16
1.1
0.8
0.89
0.82
0.98
0.93
0.97
0.64
0.75
0.98
0.76
1.0
0.92
0.97
0.95
0.61
0.92
0.75
0.92
0.84
0.61
1.11
1.17
1.12
1.13
0.89
0.72
0.89
0.84
0.93
0.59
0.89
0.9
1.06
0.82
0.65
0.91
0.86
0.97
0.82
0.73
0.72
0.8
0.96
1.03
1.21
0.94
1.14
1.13
0.85
1.28
0.92
1.16
1.05
1.26
0.91
1.49
0.85
0.96
0.88
1.25
1.05
1.16
0.98
1.1
1.08
1.12
0.87
1.15
1.11
1.1
0.83
1.3
1.18
0.93
0.68
0.86
1.05
0.48
0.69
0.92
0.58
0.75
0.53
0.77
0.69
