0.5 0.0
1.0 3.65
1.5 2.14
2.0 1.39
2.4 1.28
2.9 1.52
3.4 1.57
3.9 1.48
4.4 1.32
4.9 1.24
5.4 1.37
5.9 1.09
6.3 1.24
6.8 1.32
7.3 1.44
7.8 1.09
8.3 0.96
8.8 0.96
9.3 0.93
9.8 1.14
10.3 1.22
10.7 1.02
11.2 1.08
11.7 1.04
12.2 0.94
12.7 0.98
13.2 0.9
13.7 0.86
14.2 0.88
14.6 0.55
15.1 0.57
15.6 1.09
16.1 0.92
16.6 0.73
17.1 0.97
17.6 1.01
18.1 1.29
18.6 1.14
19.0 0.9
19.5 0.99
20.0 0.8
20.5 1.16
21.0 1.1
21.5 0.8
22.0 0.89
22.5 0.82
22.9 0.98
23.4 0.93
23.9 0.97
24.4 0.64
24.9 0.75
25.4 0.98
25.9 0.76
26.4 1.0
26.9 0.92
27.3 0.97
27.8 0.95
28.3 0.61
28.8 0.92
29.3 0.75
29.8 0.92
30.3 0.84
30.8 0.61
31.2 1.11
31.7 1.17
32.2 1.12
32.7 1.13
33.2 0.89
33.7 0.72
34.2 0.89
34.7 0.84
35.2 0.93
35.6 0.59
36.1 0.89
36.6 0.9
37.1 1.06
37.6 0.82
38.1 0.65
38.6 0.91
39.1 0.86
39.6 0.97
40.0 0.82
40.5 0.73
41.0 0.72
41.5 0.8
42.0 0.96
42.5 1.03
43.0 1.21
43.5 0.94
43.9 1.14
44.4 1.13
44.9 0.85
45.4 1.28
45.9 0.92
46.4 1.16
46.9 1.05
47.4 1.26
47.9 0.91
48.3 1.49
48.8 0.85
49.3 0.96
49.8 0.88
50.3 1.25
50.8 1.05
51.3 1.16
51.8 0.98
52.2 1.1
52.7 1.08
53.2 1.12
53.7 0.87
54.2 1.15
54.7 1.11
55.2 1.1
55.7 0.83
56.2 1.3
56.6 1.18
57.1 0.93
57.6 0.68
58.1 0.86
58.6 1.05
59.1 0.48
59.6 0.69
60.1 0.92
60.5 0.58
61.0 0.75
61.5 0.53
62.0 0.77
62.5 0.69
