1.0 0.0
2.0 1.46
2.9 1.09
3.9 0.87
4.9 0.96
5.9 1.0
6.8 1.01
7.8 1.06
8.8 0.77
9.8 0.68
10.7 0.67
11.7 0.6
12.7 0.54
13.7 0.73
14.6 0.52
15.6 0.72
16.6 0.54
17.6 1.55
18.6 1.09
19.5 1.03
20.5 0.77
21.5 0.82
22.5 0.79
23.4 0.72
24.4 1.75
25.4 0.72
26.4 0.63
27.3 0.73
28.3 1.07
29.3 0.93
30.3 0.76
31.2 0.97
32.2 0.64
33.2 0.75
34.2 0.79
35.2 0.77
36.1 0.58
37.1 0.6
38.1 0.83
39.1 0.58
40.0 0.76
41.0 1.3
42.0 1.19
43.0 1.3
43.9 0.9
44.9 1.0
45.9 2.39
46.9 1.02
47.9 0.85
48.8 0.74
49.8 0.75
50.8 0.97
51.8 0.96
52.7 0.96
53.7 1.08
54.7 1.19
55.7 1.19
56.6 0.84
57.6 1.07
58.6 0.9
59.6 1.0
60.5 0.64
61.5 0.96
62.5 0.78
63.5 0.9
64.5 1.1
65.4 1.52
66.4 1.19
67.4 0.89
68.4 0.8
69.3 0.92
70.3 0.82
71.3 1.01
72.3 0.87
73.2 0.69
74.2 0.86
75.2 1.02
76.2 1.37
77.1 0.99
78.1 1.04
79.1 1.01
80.1 0.97
81.1 0.78
82.0 1.06
83.0 0.81
84.0 0.91
85.0 0.75
85.9 0.8
86.9 0.92
87.9 1.24
88.9 0.94
89.8 0.97
90.8 0.8
91.8 0.94
92.8 0.96
93.8 1.1
94.7 1.71
95.7 7.1
96.7 1.34
97.7 1.07
98.6 0.8
99.6 0.97
100.6 1.35
101.6 0.97
102.5 0.79
103.5 0.93
104.5 0.93
105.5 0.63
106.4 0.88
107.4 0.83
108.4 1.03
109.4 1.04
110.4 1.02
111.3 1.17
112.3 0.9
113.3 1.02
114.3 0.89
115.2 1.07
116.2 1.05
117.2 1.25
118.2 1.19
119.1 1.3
120.1 1.12
121.1 0.92
122.1 0.89
123.0 1.19
124.0 0.97
125.0 0.88
