2.0 0.0
3.9 0.99
5.9 1.7
7.8 2.01
9.8 0.99
11.7 1.01
13.7 0.76
15.6 0.64
17.6 0.76
19.5 0.8
21.5 0.65
23.4 1.25
25.4 1.42
27.3 0.61
29.3 0.75
31.2 0.71
33.2 0.79
35.2 0.66
37.1 0.6
39.1 0.55
41.0 0.7
43.0 0.99
44.9 1.16
46.9 1.85
48.8 0.87
50.8 0.79
52.7 0.7
54.7 0.78
56.6 0.84
58.6 0.92
60.5 0.71
62.5 0.76
64.5 0.93
66.4 0.94
68.4 2.31
70.3 0.79
72.3 0.82
74.2 0.9
76.2 0.95
78.1 0.78
80.1 0.83
82.0 0.79
84.0 0.73
85.9 0.69
87.9 0.86
89.8 1.29
91.8 1.02
93.8 1.48
95.7 3.19
97.7 3.9
99.6 1.26
101.6 1.31
103.5 0.99
105.5 0.88
107.4 0.91
109.4 1.26
111.3 0.99
113.3 1.01
115.2 0.92
117.2 1.0
119.1 0.96
121.1 1.06
123.0 1.57
125.0 0.8
127.0 0.96
128.9 0.97
130.9 0.94
132.8 1.14
134.8 1.54
136.7 0.97
138.7 1.03
140.6 0.97
142.6 0.81
144.5 0.87
146.5 1.52
148.4 0.88
150.4 0.96
152.3 0.99
154.3 0.88
156.2 0.78
158.2 0.93
160.2 1.1
162.1 0.96
164.1 1.04
166.0 0.88
168.0 1.1
169.9 1.18
171.9 1.18
173.8 0.98
175.8 1.02
177.7 0.77
179.7 0.95
181.6 0.88
183.6 0.92
185.5 0.95
187.5 0.82
189.5 1.12
191.4 0.9
193.4 0.78
195.3 0.82
197.3 0.73
199.2 0.84
201.2 0.87
203.1 0.78
205.1 0.89
207.0 1.16
209.0 1.06
210.9 0.79
212.9 0.83
214.8 1.04
216.8 0.98
218.8 1.01
220.7 0.69
222.7 0.93
224.6 0.97
226.6 1.04
228.5 0.88
230.5 1.0
232.4 0.91
234.4 0.84
236.3 1.06
238.3 1.01
240.2 0.94
242.2 0.99
244.1 1.12
246.1 0.84
248.0 0.64
250.0 0.83
