0.0
0.65
0.67
0.62
0.68
0.72
0.66
0.64
0.78
0.77
0.76
1.45
1.36
1.66
3.33
35.76
3.57
2.58
1.42
1.35
0.87
0.73
0.8
0.93
0.73
0.69
0.64
0.57
0.68
0.64
1.43
0.53
1.02
0.9
1.13
0.67
0.59
0.56
0.55
0.59
0.51
0.54
0.51
0.47
0.57
1.01
0.8
1.7
0.59
1.12
0.62
0.48
0.49
0.52
0.54
0.49
0.54
0.47
0.56
0.5
0.72
0.52
0.52
0.52
0.94
0.56
0.53
0.58
0.5
0.46
0.51
0.61
0.57
0.58
0.51
0.57
0.65
0.58
0.7
1.01
0.61
0.85
0.58
0.57
0.47
0.44
0.52
0.55
0.53
0.56
0.51
0.52
0.6
0.58
0.53
0.72
0.87
0.61
0.54
0.61
0.54
0.47
0.59
0.6
0.56
0.7
0.49
0.54
0.56
0.61
0.65
0.72
0.61
0.74
0.6
0.59
0.5
0.53
0.55
0.5
0.63
0.5
0.49
0.58
0.63
0.54
0.5
0.85
0.0
0.52
0.49
0.39
0.59
0.4
0.53
0.58
0.52
0.38
0.63
0.51
0.56
0.44
0.41
0.67
0.63
0.62
0.64
0.53
0.67
0.7
1.11
1.13
1.1
1.28
1.45
1.9
2.91
6.11
34.67
6.87
3.17
1.95
2.22
1.21
1.22
1.07
1.09
0.82
0.78
0.75
0.56
0.59
0.62
0.78
0.71
0.56
0.57
0.58
0.55
0.5
0.53
0.54
0.48
0.47
0.55
0.56
0.51
0.69
1.15
0.53
0.35
0.57
0.78
0.6
0.53
0.9
0.84
0.48
0.5
0.5
0.41
0.36
0.43
0.42
0.46
0.37
0.42
0.37
0.38
0.31
0.4
0.5
0.38
0.39
0.39
0.35
0.42
0.52
0.74
0.69
0.5
0.79
1.49
0.46
0.33
0.87
0.79
0.54
0.52
0.36
0.44
0.34
0.38
0.41
0.37
0.35
0.48
0.33
0.44
0.33
0.4
0.42
0.4
0.41
0.46
0.41
0.36
0.47
0.57
0.51
0.3
0.41
0.31
0.23
0.26
0.57
0.0
0.31
0.33
0.32
0.32
0.35
0.16
0.29
0.48
0.4
0.3
0.36
0.34
0.38
0.29
0.31
0.37
0.29
0.28
0.3
0.36
0.4
0.35
0.31
0.3
0.27
0.39
0.32
0.34
0.38
0.46
0.28
0.44
0.53
0.33
0.46
0.36
0.33
0.34
0.57
0.48
0.55
0.44
0.58
0.64
1.11
0.53
0.62
0.59
0.77
0.82
0.75
0.89
0.99
1.24
1.42
1.64
2.02
3.5
8.27
30.91
12.7
4.78
2.91
1.98
1.46
1.21
1.52
1.51
1.18
0.85
0.8
0.8
0.73
0.64
1.11
0.63
0.53
0.57
0.54
0.44
0.44
0.38
0.31
0.37
0.28
0.39
0.34
0.47
0.5
0.45
0.49
0.59
0.49
0.44
0.38
0.33
0.36
0.35
0.28
0.47
0.26
0.37
0.41
0.36
0.4
0.45
0.42
0.32
0.28
0.34
0.34
0.33
0.33
0.38
0.26
0.28
0.36
0.55
0.81
0.78
0.56
0.37
0.29
0.3
0.27
0.32
0.32
