0.0 0.0
2.0 0.65
3.9 0.67
5.9 0.62
7.8 0.68
9.8 0.72
11.7 0.66
13.7 0.64
15.6 0.78
17.6 0.77
19.5 0.76
21.5 1.45
23.4 1.36
25.4 1.66
27.3 3.33
29.3 35.76
31.2 3.57
33.2 2.58
35.2 1.42
37.1 1.35
39.1 0.87
41.0 0.73
43.0 0.8
44.9 0.93
46.9 0.73
48.8 0.69
50.8 0.64
52.7 0.57
54.7 0.68
56.6 0.64
58.6 1.43
60.5 0.53
62.5 1.02
64.5 0.9
66.4 1.13
68.4 0.67
70.3 0.59
72.3 0.56
74.2 0.55
76.2 0.59
78.1 0.51
80.1 0.54
82.0 0.51
84.0 0.47
85.9 0.57
87.9 1.01
89.8 0.8
91.8 1.7
93.8 0.59
95.7 1.12
97.7 0.62
99.6 0.48
101.6 0.49
103.5 0.52
105.5 0.54
107.4 0.49
109.4 0.54
111.3 0.47
113.3 0.56
115.2 0.5
117.2 0.72
119.1 0.52
121.1 0.52
123.0 0.52
125.0 0.94
127.0 0.56
128.9 0.53
130.9 0.58
132.8 0.5
134.8 0.46
136.7 0.51
138.7 0.61
140.6 0.57
142.6 0.58
144.5 0.51
146.5 0.57
148.4 0.65
150.4 0.58
152.3 0.7
154.3 1.01
156.2 0.61
158.2 0.85
160.2 0.58
162.1 0.57
164.1 0.47
166.0 0.44
168.0 0.52
169.9 0.55
171.9 0.53
173.8 0.56
175.8 0.51
177.7 0.52
179.7 0.6
181.6 0.58
183.6 0.53
185.5 0.72
187.5 0.87
189.5 0.61
191.4 0.54
193.4 0.61
195.3 0.54
197.3 0.47
199.2 0.59
201.2 0.6
203.1 0.56
205.1 0.7
207.0 0.49
209.0 0.54
210.9 0.56
212.9 0.61
214.8 0.65
216.8 0.72
218.8 0.61
220.7 0.74
222.7 0.6
224.6 0.59
226.6 0.5
228.5 0.53
230.5 0.55
232.4 0.5
234.4 0.63
236.3 0.5
238.3 0.49
240.2 0.58
242.2 0.63
244.1 0.54
246.1 0.5
248.0 0.85
