0.0 0.0
1.0 0.52
2.0 0.49
2.9 0.39
3.9 0.59
4.9 0.4
5.9 0.53
6.8 0.58
7.8 0.52
8.8 0.38
9.8 0.63
10.7 0.51
11.7 0.56
12.7 0.44
13.7 0.41
14.6 0.67
15.6 0.63
16.6 0.62
17.6 0.64
18.6 0.53
19.5 0.67
20.5 0.7
21.5 1.11
22.5 1.13
23.4 1.1
24.4 1.28
25.4 1.45
26.4 1.9
27.3 2.91
28.3 6.11
29.3 34.67
30.3 6.87
31.2 3.17
32.2 1.95
33.2 2.22
34.2 1.21
35.2 1.22
36.1 1.07
37.1 1.09
38.1 0.82
39.1 0.78
40.0 0.75
41.0 0.56
42.0 0.59
43.0 0.62
43.9 0.78
44.9 0.71
45.9 0.56
46.9 0.57
47.9 0.58
48.8 0.55
49.8 0.5
50.8 0.53
51.8 0.54
52.7 0.48
53.7 0.47
54.7 0.55
55.7 0.56
56.6 0.51
57.6 0.69
58.6 1.15
59.6 0.53
60.5 0.35
61.5 0.57
62.5 0.78
63.5 0.6
64.5 0.53
65.4 0.9
66.4 0.84
67.4 0.48
68.4 0.5
69.3 0.5
70.3 0.41
71.3 0.36
72.3 0.43
73.2 0.42
74.2 0.46
75.2 0.37
76.2 0.42
77.1 0.37
78.1 0.38
79.1 0.31
80.1 0.4
81.1 0.5
82.0 0.38
83.0 0.39
84.0 0.39
85.0 0.35
85.9 0.42
86.9 0.52
87.9 0.74
88.9 0.69
89.8 0.5
90.8 0.79
91.8 1.49
92.8 0.46
93.8 0.33
94.7 0.87
95.7 0.79
96.7 0.54
97.7 0.52
98.6 0.36
99.6 0.44
100.6 0.34
101.6 0.38
102.5 0.41
103.5 0.37
104.5 0.35
105.5 0.48
106.4 0.33
107.4 0.44
108.4 0.33
109.4 0.4
110.4 0.42
111.3 0.4
112.3 0.41
113.3 0.46
114.3 0.41
115.2 0.36
116.2 0.47
117.2 0.57
118.2 0.51
119.1 0.3
120.1 0.41
121.1 0.31
122.1 0.23
123.0 0.26
124.0 0.57
