0.0 0.0
0.5 0.31
1.0 0.33
1.5 0.32
2.0 0.32
2.4 0.35
2.9 0.16
3.4 0.29
3.9 0.48
4.4 0.4
4.9 0.3
5.4 0.36
5.9 0.34
6.3 0.38
6.8 0.29
7.3 0.31
7.8 0.37
8.3 0.29
8.8 0.28
9.3 0.3
9.8 0.36
10.3 0.4
10.7 0.35
11.2 0.31
11.7 0.3
12.2 0.27
12.7 0.39
13.2 0.32
13.7 0.34
14.2 0.38
14.6 0.46
15.1 0.28
15.6 0.44
16.1 0.53
16.6 0.33
17.1 0.46
17.6 0.36
18.1 0.33
18.6 0.34
19.0 0.57
19.5 0.48
20.0 0.55
20.5 0.44
21.0 0.58
21.5 0.64
22.0 1.11
22.5 0.53
22.9 0.62
23.4 0.59
23.9 0.77
24.4 0.82
24.9 0.75
25.4 0.89
25.9 0.99
26.4 1.24
26.9 1.42
27.3 1.64
27.8 2.02
28.3 3.5
28.8 8.27
29.3 30.91
29.8 12.7
30.3 4.78
30.8 2.91
31.2 1.98
31.7 1.46
32.2 1.21
32.7 1.52
33.2 1.51
33.7 1.18
34.2 0.85
34.7 0.8
35.2 0.8
35.6 0.73
36.1 0.64
36.6 1.11
37.1 0.63
37.6 0.53
38.1 0.57
38.6 0.54
39.1 0.44
39.6 0.44
40.0 0.38
40.5 0.31
41.0 0.37
41.5 0.28
42.0 0.39
42.5 0.34
43.0 0.47
43.5 0.5
43.9 0.45
44.4 0.49
44.9 0.59
45.4 0.49
45.9 0.44
46.4 0.38
46.9 0.33
47.4 0.36
47.9 0.35
48.3 0.28
48.8 0.47
49.3 0.26
49.8 0.37
50.3 0.41
50.8 0.36
51.3 0.4
51.8 0.45
52.2 0.42
52.7 0.32
53.2 0.28
53.7 0.34
54.2 0.34
54.7 0.33
55.2 0.33
55.7 0.38
56.2 0.26
56.6 0.28
57.1 0.36
57.6 0.55
58.1 0.81
58.6 0.78
59.1 0.56
59.6 0.37
60.1 0.29
60.5 0.3
61.0 0.27
61.5 0.32
62.0 0.32
