1.0 0.0
2.0 2.19
2.9 2.9
3.9 2.5
4.9 2.47
5.9 1.51
6.8 0.99
7.8 0.96
8.8 1.06
9.8 0.9
10.7 1.01
11.7 1.32
12.7 1.17
13.7 1.44
14.6 1.1
15.6 1.27
16.6 1.28
17.6 1.32
18.6 1.34
19.5 1.23
20.5 1.17
21.5 1.22
22.5 1.51
23.4 0.85
24.4 0.94
25.4 0.84
26.4 1.0
27.3 0.99
28.3 0.94
29.3 1.06
30.3 1.36
31.2 1.01
32.2 1.24
33.2 0.81
34.2 1.32
35.2 1.09
36.1 1.2
37.1 0.99
38.1 0.85
39.1 0.82
40.0 0.95
41.0 0.77
42.0 0.86
43.0 0.77
43.9 0.84
44.9 1.03
45.9 1.24
46.9 1.63
47.9 1.56
48.8 1.59
49.8 1.18
50.8 1.46
51.8 1.07
52.7 1.15
53.7 0.84
54.7 0.84
55.7 0.74
56.6 0.64
57.6 0.72
58.6 0.84
59.6 0.7
60.5 0.81
61.5 1.0
62.5 1.6
63.5 1.28
64.5 2.81
65.4 3.21
66.4 0.8
67.4 0.95
68.4 0.8
69.3 0.71
70.3 0.81
71.3 0.63
72.3 0.52
73.2 0.91
74.2 0.79
75.2 0.61
76.2 0.59
77.1 0.88
78.1 0.85
79.1 0.75
80.1 0.9
81.1 0.72
82.0 0.92
83.0 0.77
84.0 0.82
85.0 0.73
85.9 0.72
86.9 1.03
87.9 0.7
88.9 0.73
89.8 0.91
90.8 0.8
91.8 0.97
92.8 0.9
93.8 0.99
94.7 0.86
95.7 0.91
96.7 0.94
97.7 0.86
98.6 0.97
99.6 0.7
100.6 0.76
101.6 0.69
102.5 0.67
103.5 0.83
104.5 0.56
105.5 0.74
106.4 0.62
107.4 0.7
108.4 0.88
109.4 0.83
110.4 0.85
111.3 0.75
112.3 0.83
113.3 0.93
114.3 0.79
115.2 0.59
116.2 0.9
117.2 0.84
118.2 0.58
119.1 0.57
120.1 0.69
121.1 0.57
122.1 0.6
123.0 0.54
124.0 0.45
125.0 0.47
