0.0
0.77
0.8
0.96
0.87
0.78
0.78
0.83
0.81
0.99
1.07
1.17
1.43
3.99
3.75
1.6
1.27
1.73
1.15
1.03
1.24
0.92
1.29
2.6
1.93
1.89
3.6
2.84
1.43
1.03
1.0
1.07
1.58
1.06
0.99
0.86
0.87
0.96
0.77
0.97
0.91
0.9
0.76
0.69
0.77
0.8
0.8
0.83
0.71
0.83
0.94
0.76
0.85
0.78
0.89
0.79
0.93
0.87
0.86
0.81
0.9
0.93
0.93
0.99
1.15
0.92
0.82
0.79
0.92
0.82
0.79
0.78
0.85
0.83
0.8
0.79
0.73
0.68
0.97
0.85
0.71
0.96
0.94
0.7
0.72
0.65
0.82
0.78
0.89
0.87
0.67
0.77
0.79
0.83
0.83
0.93
1.17
0.75
0.72
0.93
0.79
0.7
0.76
0.8
0.82
0.8
0.8
0.87
0.65
0.82
0.89
0.82
0.7
0.91
0.99
0.67
0.81
0.74
0.82
0.96
1.04
0.86
0.72
0.81
0.94
0.7
0.88
1.1
0.0
0.63
0.75
0.81
0.66
0.83
0.72
0.83
0.82
0.62
0.76
0.82
0.67
0.66
0.79
0.68
0.82
0.85
0.7
0.7
0.94
1.05
0.93
1.04
0.87
1.33
2.9
5.26
3.21
1.3
1.01
1.31
0.99
1.03
1.84
1.02
0.85
0.77
0.82
0.84
1.27
0.8
0.83
0.97
0.96
1.8
2.48
1.99
1.51
0.98
1.45
2.25
3.54
3.03
2.35
1.6
1.18
0.79
0.85
0.66
0.94
0.94
0.79
1.13
1.79
0.78
0.74
1.08
1.04
0.89
0.74
0.71
0.77
0.77
0.87
0.8
0.82
0.85
0.86
0.77
0.76
0.83
0.72
0.75
0.79
0.58
0.6
0.61
0.75
0.78
0.63
0.76
0.7
0.66
0.79
0.74
0.65
0.66
0.72
0.67
0.92
0.75
0.6
0.83
0.7
0.75
0.62
0.81
0.9
0.85
0.76
0.82
0.83
0.81
0.76
0.86
0.77
0.76
0.59
0.6
0.76
0.72
0.71
0.68
0.72
0.68
0.53
0.98
0.0
0.41
0.55
0.68
0.42
0.72
0.53
0.56
0.65
0.56
0.67
0.69
0.44
0.68
0.6
0.77
0.71
0.39
0.45
0.56
0.59
0.53
0.76
0.63
0.49
0.61
0.47
0.53
0.59
0.67
0.55
0.65
0.7
0.52
0.42
0.61
0.69
0.68
0.55
0.57
0.91
0.73
0.86
0.92
0.77
0.74
0.62
0.94
0.73
0.86
1.1
1.38
2.45
3.71
4.49
3.39
2.85
1.92
1.15
0.93
0.73
0.87
0.88
0.84
0.72
0.84
0.88
1.44
1.31
0.93
1.06
0.75
0.43
0.69
0.66
0.74
0.75
0.64
0.61
0.84
0.97
0.91
0.47
0.72
0.77
0.64
0.71
0.78
0.46
1.06
1.66
2.08
2.44
1.85
2.07
1.39
0.79
1.08
0.91
1.19
1.16
1.38
2.11
2.53
3.58
3.54
2.8
2.05
1.66
1.49
0.92
1.0
0.87
0.83
0.68
0.55
0.48
0.65
0.52
0.58
0.59
0.75
0.51
0.69
0.59
0.63
0.46
0.5
