0.0 0.0
1.0 0.63
2.0 0.75
2.9 0.81
3.9 0.66
4.9 0.83
5.9 0.72
6.8 0.83
7.8 0.82
8.8 0.62
9.8 0.76
10.7 0.82
11.7 0.67
12.7 0.66
13.7 0.79
14.6 0.68
15.6 0.82
16.6 0.85
17.6 0.7
18.6 0.7
19.5 0.94
20.5 1.05
21.5 0.93
22.5 1.04
23.4 0.87
24.4 1.33
25.4 2.9
26.4 5.26
27.3 3.21
28.3 1.3
29.3 1.01
30.3 1.31
31.2 0.99
32.2 1.03
33.2 1.84
34.2 1.02
35.2 0.85
36.1 0.77
37.1 0.82
38.1 0.84
39.1 1.27
40.0 0.8
41.0 0.83
42.0 0.97
43.0 0.96
43.9 1.8
44.9 2.48
45.9 1.99
46.9 1.51
47.9 0.98
48.8 1.45
49.8 2.25
50.8 3.54
51.8 3.03
52.7 2.35
53.7 1.6
54.7 1.18
55.7 0.79
56.6 0.85
57.6 0.66
58.6 0.94
59.6 0.94
60.5 0.79
61.5 1.13
62.5 1.79
63.5 0.78
64.5 0.74
65.4 1.08
66.4 1.04
67.4 0.89
68.4 0.74
69.3 0.71
70.3 0.77
71.3 0.77
72.3 0.87
73.2 0.8
74.2 0.82
75.2 0.85
76.2 0.86
77.1 0.77
78.1 0.76
79.1 0.83
80.1 0.72
81.1 0.75
82.0 0.79
83.0 0.58
84.0 0.6
85.0 0.61
85.9 0.75
86.9 0.78
87.9 0.63
88.9 0.76
89.8 0.7
90.8 0.66
91.8 0.79
92.8 0.74
93.8 0.65
94.7 0.66
95.7 0.72
96.7 0.67
97.7 0.92
98.6 0.75
99.6 0.6
100.6 0.83
101.6 0.7
102.5 0.75
103.5 0.62
104.5 0.81
105.5 0.9
106.4 0.85
107.4 0.76
108.4 0.82
109.4 0.83
110.4 0.81
111.3 0.76
112.3 0.86
113.3 0.77
114.3 0.76
115.2 0.59
116.2 0.6
117.2 0.76
118.2 0.72
119.1 0.71
120.1 0.68
121.1 0.72
122.1 0.68
123.0 0.53
124.0 0.98
