0.0 0.0
2.0 0.77
3.9 0.8
5.9 0.96
7.8 0.87
9.8 0.78
11.7 0.78
13.7 0.83
15.6 0.81
17.6 0.99
19.5 1.07
21.5 1.17
23.4 1.43
25.4 3.99
27.3 3.75
29.3 1.6
31.2 1.27
33.2 1.73
35.2 1.15
37.1 1.03
39.1 1.24
41.0 0.92
43.0 1.29
44.9 2.6
46.9 1.93
48.8 1.89
50.8 3.6
52.7 2.84
54.7 1.43
56.6 1.03
58.6 1.0
60.5 1.07
62.5 1.58
64.5 1.06
66.4 0.99
68.4 0.86
70.3 0.87
72.3 0.96
74.2 0.77
76.2 0.97
78.1 0.91
80.1 0.9
82.0 0.76
84.0 0.69
85.9 0.77
87.9 0.8
89.8 0.8
91.8 0.83
93.8 0.71
95.7 0.83
97.7 0.94
99.6 0.76
101.6 0.85
103.5 0.78
105.5 0.89
107.4 0.79
109.4 0.93
111.3 0.87
113.3 0.86
115.2 0.81
117.2 0.9
119.1 0.93
121.1 0.93
123.0 0.99
125.0 1.15
127.0 0.92
128.9 0.82
130.9 0.79
132.8 0.92
134.8 0.82
136.7 0.79
138.7 0.78
140.6 0.85
142.6 0.83
144.5 0.8
146.5 0.79
148.4 0.73
150.4 0.68
152.3 0.97
154.3 0.85
156.2 0.71
158.2 0.96
160.2 0.94
162.1 0.7
164.1 0.72
166.0 0.65
168.0 0.82
169.9 0.78
171.9 0.89
173.8 0.87
175.8 0.67
177.7 0.77
179.7 0.79
181.6 0.83
183.6 0.83
185.5 0.93
187.5 1.17
189.5 0.75
191.4 0.72
193.4 0.93
195.3 0.79
197.3 0.7
199.2 0.76
201.2 0.8
203.1 0.82
205.1 0.8
207.0 0.8
209.0 0.87
210.9 0.65
212.9 0.82
214.8 0.89
216.8 0.82
218.8 0.7
220.7 0.91
222.7 0.99
224.6 0.67
226.6 0.81
228.5 0.74
230.5 0.82
232.4 0.96
234.4 1.04
236.3 0.86
238.3 0.72
240.2 0.81
242.2 0.94
244.1 0.7
246.1 0.88
248.0 1.1
