0.0 0.0
0.5 0.41
1.0 0.55
1.5 0.68
2.0 0.42
2.4 0.72
2.9 0.53
3.4 0.56
3.9 0.65
4.4 0.56
4.9 0.67
5.4 0.69
5.9 0.44
6.3 0.68
6.8 0.6
7.3 0.77
7.8 0.71
8.3 0.39
8.8 0.45
9.3 0.56
9.8 0.59
10.3 0.53
10.7 0.76
11.2 0.63
11.7 0.49
12.2 0.61
12.7 0.47
13.2 0.53
13.7 0.59
14.2 0.67
14.6 0.55
15.1 0.65
15.6 0.7
16.1 0.52
16.6 0.42
17.1 0.61
17.6 0.69
18.1 0.68
18.6 0.55
19.0 0.57
19.5 0.91
20.0 0.73
20.5 0.86
21.0 0.92
21.5 0.77
22.0 0.74
22.5 0.62
22.9 0.94
23.4 0.73
23.9 0.86
24.4 1.1
24.9 1.38
25.4 2.45
25.9 3.71
26.4 4.49
26.9 3.39
27.3 2.85
27.8 1.92
28.3 1.15
28.8 0.93
29.3 0.73
29.8 0.87
30.3 0.88
30.8 0.84
31.2 0.72
31.7 0.84
32.2 0.88
32.7 1.44
33.2 1.31
33.7 0.93
34.2 1.06
34.7 0.75
35.2 0.43
35.6 0.69
36.1 0.66
36.6 0.74
37.1 0.75
37.6 0.64
38.1 0.61
38.6 0.84
39.1 0.97
39.6 0.91
40.0 0.47
40.5 0.72
41.0 0.77
41.5 0.64
42.0 0.71
42.5 0.78
43.0 0.46
43.5 1.06
43.9 1.66
44.4 2.08
44.9 2.44
45.4 1.85
45.9 2.07
46.4 1.39
46.9 0.79
47.4 1.08
47.9 0.91
48.3 1.19
48.8 1.16
49.3 1.38
49.8 2.11
50.3 2.53
50.8 3.58
51.3 3.54
51.8 2.8
52.2 2.05
52.7 1.66
53.2 1.49
53.7 0.92
54.2 1.0
54.7 0.87
55.2 0.83
55.7 0.68
56.2 0.55
56.6 0.48
57.1 0.65
57.6 0.52
58.1 0.58
58.6 0.59
59.1 0.75
59.6 0.51
60.1 0.69
60.5 0.59
61.0 0.63
61.5 0.46
62.0 0.5
