0.0
1.42
1.86
1.06
1.07
0.91
0.98
1.07
0.98
1.34
1.61
1.37
1.39
1.12
0.9
0.89
0.84
1.11
1.26
0.95
0.97
0.92
1.27
1.1
0.88
0.8
0.88
0.84
0.78
0.75
0.95
0.72
0.81
0.98
0.74
0.73
0.98
0.9
1.0
1.25
2.17
4.52
1.37
1.55
0.99
0.86
0.85
1.02
1.1
0.78
0.91
0.82
0.86
0.79
0.54
0.78
0.66
0.69
0.75
0.61
0.84
0.76
0.8
0.72
0.71
0.7
0.77
0.75
0.83
0.98
0.74
1.0
1.05
1.18
1.04
1.09
0.93
0.93
0.84
1.3
0.97
0.97
0.84
0.97
0.96
0.69
0.79
0.73
0.58
0.8
0.7
0.8
0.8
0.71
0.87
0.66
0.69
0.96
0.99
0.83
0.72
0.72
0.8
0.74
0.85
1.11
0.93
1.12
1.13
1.31
1.17
1.63
1.85
1.51
1.34
1.23
1.33
1.03
1.14
1.12
1.05
1.06
1.0
0.78
1.06
1.11
0.93
1.01
0.0
1.25
1.6
1.64
2.06
1.64
1.09
1.04
1.16
0.96
0.93
0.77
1.06
1.05
1.17
0.84
1.04
1.19
1.39
0.97
1.72
1.52
1.17
1.21
1.5
1.41
1.14
0.87
0.67
0.83
0.73
0.8
0.86
0.92
1.1
0.89
1.43
0.86
0.98
0.97
0.77
1.08
0.97
1.15
1.4
1.27
0.99
1.01
0.95
0.88
0.79
0.87
0.83
0.8
0.79
0.72
0.84
0.68
0.66
0.73
1.01
0.77
0.72
0.64
0.71
0.94
0.89
0.89
0.61
0.67
0.72
0.87
0.81
0.99
0.91
0.79
0.87
0.97
1.11
1.22
1.64
5.77
3.27
1.59
1.29
1.29
1.38
1.36
1.01
0.82
0.82
0.82
0.96
0.81
1.18
1.04
1.0
0.86
0.85
0.72
1.03
0.8
0.77
0.9
0.74
0.69
0.63
0.75
0.62
0.64
0.75
0.66
0.63
0.82
0.69
0.67
0.81
0.65
0.54
0.61
0.8
0.82
0.8
0.69
0.68
0.6
0.53
0.47
0.0
1.38
1.22
1.23
1.73
1.56
1.99
1.72
1.8
2.16
1.28
1.24
0.93
1.15
0.94
1.13
1.09
1.16
0.89
0.71
0.76
1.01
0.82
0.91
1.12
0.93
0.67
1.18
1.14
1.2
0.9
0.85
1.03
1.24
1.09
1.84
1.36
0.74
1.01
0.69
1.55
2.78
1.31
1.2
1.19
1.27
1.2
1.19
1.1
1.63
1.29
1.01
0.75
1.06
0.75
0.84
0.72
0.78
0.81
0.89
0.74
0.86
0.74
0.81
0.76
0.81
0.79
0.96
1.23
0.83
1.18
0.68
1.58
1.06
0.79
0.76
0.94
0.98
1.3
0.74
0.62
1.0
0.85
0.94
1.08
0.87
1.11
1.01
1.59
1.22
1.01
1.25
1.14
0.95
0.97
0.68
0.78
0.74
1.02
0.92
0.85
0.82
0.83
0.74
0.73
0.86
0.91
0.82
0.86
0.83
0.58
0.79
0.82
0.76
0.68
0.77
0.71
0.59
0.86
0.63
0.86
0.8
0.77
0.59
0.55
0.63
0.47
0.49
