2.0 0.0
3.9 1.42
5.9 1.86
7.8 1.06
9.8 1.07
11.7 0.91
13.7 0.98
15.6 1.07
17.6 0.98
19.5 1.34
21.5 1.61
23.4 1.37
25.4 1.39
27.3 1.12
29.3 0.9
31.2 0.89
33.2 0.84
35.2 1.11
37.1 1.26
39.1 0.95
41.0 0.97
43.0 0.92
44.9 1.27
46.9 1.1
48.8 0.88
50.8 0.8
52.7 0.88
54.7 0.84
56.6 0.78
58.6 0.75
60.5 0.95
62.5 0.72
64.5 0.81
66.4 0.98
68.4 0.74
70.3 0.73
72.3 0.98
74.2 0.9
76.2 1.0
78.1 1.25
80.1 2.17
82.0 4.52
84.0 1.37
85.9 1.55
87.9 0.99
89.8 0.86
91.8 0.85
93.8 1.02
95.7 1.1
97.7 0.78
99.6 0.91
101.6 0.82
103.5 0.86
105.5 0.79
107.4 0.54
109.4 0.78
111.3 0.66
113.3 0.69
115.2 0.75
117.2 0.61
119.1 0.84
121.1 0.76
123.0 0.8
125.0 0.72
127.0 0.71
128.9 0.7
130.9 0.77
132.8 0.75
134.8 0.83
136.7 0.98
138.7 0.74
140.6 1.0
142.6 1.05
144.5 1.18
146.5 1.04
148.4 1.09
150.4 0.93
152.3 0.93
154.3 0.84
156.2 1.3
158.2 0.97
160.2 0.97
162.1 0.84
164.1 0.97
166.0 0.96
168.0 0.69
169.9 0.79
171.9 0.73
173.8 0.58
175.8 0.8
177.7 0.7
179.7 0.8
181.6 0.8
183.6 0.71
185.5 0.87
187.5 0.66
189.5 0.69
191.4 0.96
193.4 0.99
195.3 0.83
197.3 0.72
199.2 0.72
201.2 0.8
203.1 0.74
205.1 0.85
207.0 1.11
209.0 0.93
210.9 1.12
212.9 1.13
214.8 1.31
216.8 1.17
218.8 1.63
220.7 1.85
222.7 1.51
224.6 1.34
226.6 1.23
228.5 1.33
230.5 1.03
232.4 1.14
234.4 1.12
236.3 1.05
238.3 1.06
240.2 1.0
242.2 0.78
244.1 1.06
246.1 1.11
248.0 0.93
250.0 1.01
