0.5 0.0
1.0 1.38
1.5 1.22
2.0 1.23
2.4 1.73
2.9 1.56
3.4 1.99
3.9 1.72
4.4 1.8
4.9 2.16
5.4 1.28
5.9 1.24
6.3 0.93
6.8 1.15
7.3 0.94
7.8 1.13
8.3 1.09
8.8 1.16
9.3 0.89
9.8 0.71
10.3 0.76
10.7 1.01
11.2 0.82
11.7 0.91
12.2 1.12
12.7 0.93
13.2 0.67
13.7 1.18
14.2 1.14
14.6 1.2
15.1 0.9
15.6 0.85
16.1 1.03
16.6 1.24
17.1 1.09
17.6 1.84
18.1 1.36
18.6 0.74
19.0 1.01
19.5 0.69
20.0 1.55
20.5 2.78
21.0 1.31
21.5 1.2
22.0 1.19
22.5 1.27
22.9 1.2
23.4 1.19
23.9 1.1
24.4 1.63
24.9 1.29
25.4 1.01
25.9 0.75
26.4 1.06
26.9 0.75
27.3 0.84
27.8 0.72
28.3 0.78
28.8 0.81
29.3 0.89
29.8 0.74
30.3 0.86
30.8 0.74
31.2 0.81
31.7 0.76
32.2 0.81
32.7 0.79
33.2 0.96
33.7 1.23
34.2 0.83
34.7 1.18
35.2 0.68
35.6 1.58
36.1 1.06
36.6 0.79
37.1 0.76
37.6 0.94
38.1 0.98
38.6 1.3
39.1 0.74
39.6 0.62
40.0 1.0
40.5 0.85
41.0 0.94
41.5 1.08
42.0 0.87
42.5 1.11
43.0 1.01
43.5 1.59
43.9 1.22
44.4 1.01
44.9 1.25
45.4 1.14
45.9 0.95
46.4 0.97
46.9 0.68
47.4 0.78
47.9 0.74
48.3 1.02
48.8 0.92
49.3 0.85
49.8 0.82
50.3 0.83
50.8 0.74
51.3 0.73
51.8 0.86
52.2 0.91
52.7 0.82
53.2 0.86
53.7 0.83
54.2 0.58
54.7 0.79
55.2 0.82
55.7 0.76
56.2 0.68
56.6 0.77
57.1 0.71
57.6 0.59
58.1 0.86
58.6 0.63
59.1 0.86
59.6 0.8
60.1 0.77
60.5 0.59
61.0 0.55
61.5 0.63
62.0 0.47
62.5 0.49
