0 0 0 0
0.5 0.16 0.16 0.67
1 0.11 0.11 0.74
1.5 0.11 0.11 0.78
2 0.14 0.14 0.59
2.4 0.13 0.13 0.65
2.9 0.1 0.1 0.64
3.4 0.09 0.09 0.69
3.9 0.15 0.15 0.54
4.4 0.1 0.1 0.4
4.9 0.13 0.13 0.47
5.4 0.1 0.1 0.58
5.9 0.12 0.12 0.63
6.3 0.08 0.08 0.66
6.8 0.11 0.11 0.48
7.3 0.08 0.08 0.6
7.8 0.1 0.1 0.69
8.3 0.09 0.09 0.46
8.8 0.09 0.09 0.59
9.3 0.12 0.12 0.53
9.8 0.1 0.1 0.35
10.3 0.08 0.08 0.49
10.7 0.09 0.09 0.53
11.2 0.1 0.1 0.67
11.7 0.11 0.11 0.55
12.2 0.11 0.11 0.67
12.7 0.28 0.28 0.64
13.2 0.1 0.1 0.74
13.7 0.11 0.11 0.53
14.2 0.13 0.13 0.68
14.6 0.16 0.16 0.57
15.1 0.13 0.13 0.65
15.6 0.15 0.15 0.66
16.1 0.1 0.1 0.57
16.6 0.16 0.16 0.78
17.1 0.12 0.12 0.48
17.6 0.17 0.17 0.76
18.1 0.12 0.12 0.64
18.6 0.1 0.1 0.5
19 0.12 0.12 0.61
19.5 0.13 0.13 0.56
20 0.14 0.14 0.5
20.5 0.14 0.14 0.62
21 0.09 0.09 0.63
21.5 0.16 0.16 0.83
22 0.17 0.17 0.42
22.5 0.17 0.17 0.52
22.9 0.14 0.14 0.78
23.4 0.1 0.1 0.5
23.9 0.15 0.15 0.49
24.4 0.15 0.15 0.72
24.9 0.12 0.12 0.61
25.4 0.21 0.21 0.67
25.9 0.12 0.12 0.58
26.4 0.13 0.13 0.78
26.9 0.13 0.13 0.6
27.3 0.11 0.11 0.67
27.8 0.14 0.14 0.64
28.3 0.13 0.13 0.77
28.8 0.14 0.14 0.68
29.3 0.16 0.16 0.66
29.8 0.14 0.14 0.87
30.3 0.15 0.15 0.84
30.8 0.12 0.12 0.56
31.2 0.09 0.09 0.57
31.7 0.12 0.12 0.68
32.2 0.17 0.17 0.48
32.7 0.11 0.11 0.88
33.2 0.1 0.1 0.66
33.7 0.17 0.17 0.61
34.2 0.17 0.17 0.75
34.7 0.13 0.13 0.71
35.2 0.14 0.14 0.76
35.6 0.07 0.07 0.58
36.1 0.11 0.11 0.57
36.6 0.13 0.13 0.62
37.1 0.13 0.13 0.47
37.6 0.15 0.15 0.48
38.1 0.1 0.1 0.58
38.6 0.09 0.09 1
39.1 0.14 0.14 0.6
39.6 0.11 0.11 0.59
40 0.13 0.13 0.65
40.5 0.14 0.14 0.54
41 0.14 0.14 0.63
41.5 0.13 0.13 0.58
42 0.14 0.14 0.52
42.5 0.13 0.13 0.54
43 0.14 0.14 0.49
43.5 0.17 0.17 0.57
43.9 0.29 0.29 0.56
44.4 1 1 0.44
44.9 0.43 0.43 0.55
45.4 0.23 0.23 0.65
45.9 0.13 0.13 0.38
46.4 0.09 0.09 0.49
46.9 0.12 0.12 0.49
47.4 0.12 0.12 0.44
47.9 0.09 0.09 0.53
48.3 0.11 0.11 0.42
48.8 0.11 0.11 0.54
49.3 0.11 0.11 0.47
49.8 0.11 0.11 0.46
50.3 0.14 0.14 0.53
50.8 0.15 0.15 0.6
51.3 0.13 0.13 0.76
51.8 0.12 0.12 0.52
52.2 0.12 0.12 0.61
52.7 0.1 0.1 0.51
53.2 0.11 0.11 0.4
53.7 0.1 0.1 0.38
54.2 0.09 0.09 0.57
54.7 0.09 0.09 0.39
55.2 0.06 0.06 0.3
55.7 0.13 0.13 0.54
56.2 0.11 0.11 0.42
56.6 0.14 0.14 0.33
57.1 0.1 0.1 0.56
57.6 0.19 0.19 0.63
58.1 0.13 0.13 0.47
58.6 0.11 0.11 0.43
59.1 0.11 0.11 0.44
59.6 0.12 0.12 0.43
60.1 0.09 0.09 0.34
60.5 0.08 0.08 0.39
61 0.11 0.11 0.52
61.5 0.09 0.09 0.41
62 0.06 0.06 0.41
