0.0
2.81
2.42
1.38
1.21
1.17
1.34
1.27
1.55
1.4
1.3
1.49
1.07
1.06
1.06
1.28
1.12
1.22
1.26
0.99
0.87
0.94
1.03
1.38
1.55
1.57
1.27
0.99
0.86
0.84
0.81
1.34
1.85
3.08
1.01
0.97
0.77
0.94
0.68
0.85
0.9
0.92
0.82
0.89
1.03
0.85
1.0
1.04
0.87
0.9
1.01
0.77
0.69
0.74
0.68
0.91
0.93
0.82
0.9
0.9
0.74
0.7
0.76
0.74
0.92
1.35
1.28
0.83
0.81
0.71
0.72
0.84
0.78
0.83
0.87
0.81
0.86
0.68
0.89
0.7
0.71
0.89
0.78
0.84
0.73
0.78
0.67
0.65
0.77
0.79
0.74
0.92
0.77
0.71
0.7
0.9
0.97
0.97
0.93
1.04
1.04
0.77
0.8
0.8
0.89
0.84
0.81
0.83
1.07
0.84
1.07
0.95
1.1
1.01
1.13
1.26
1.05
1.02
1.13
1.06
0.94
1.08
0.9
1.03
1.12
1.04
0.88
0.92
0.0
2.19
2.9
2.5
2.47
1.51
0.99
0.96
1.06
0.9
1.01
1.32
1.17
1.44
1.1
1.27
1.28
1.32
1.34
1.23
1.17
1.22
1.51
0.85
0.94
0.84
1.0
0.99
0.94
1.06
1.36
1.01
1.24
0.81
1.32
1.09
1.2
0.99
0.85
0.82
0.95
0.77
0.86
0.77
0.84
1.03
1.24
1.63
1.56
1.59
1.18
1.46
1.07
1.15
0.84
0.84
0.74
0.64
0.72
0.84
0.7
0.81
1.0
1.6
1.28
2.81
3.21
0.8
0.95
0.8
0.71
0.81
0.63
0.52
0.91
0.79
0.61
0.59
0.88
0.85
0.75
0.9
0.72
0.92
0.77
0.82
0.73
0.72
1.03
0.7
0.73
0.91
0.8
0.97
0.9
0.99
0.86
0.91
0.94
0.86
0.97
0.7
0.76
0.69
0.67
0.83
0.56
0.74
0.62
0.7
0.88
0.83
0.85
0.75
0.83
0.93
0.79
0.59
0.9
0.84
0.58
0.57
0.69
0.57
0.6
0.54
0.45
0.47
0.0
3.14
2.21
2.46
2.2
2.3
1.87
1.73
1.13
1.38
0.88
1.27
0.84
1.02
0.96
0.8
0.93
0.57
0.86
0.9
0.87
0.92
1.15
1.34
1.06
1.14
1.31
1.02
0.92
1.14
0.76
1.0
1.0
1.37
1.21
0.86
1.23
1.07
0.9
0.83
0.83
1.28
1.05
1.22
1.05
1.1
0.58
0.76
0.76
0.83
0.74
0.86
0.74
0.96
0.69
1.07
0.66
0.88
0.79
1.29
0.82
1.12
1.05
0.89
1.25
0.88
0.74
1.19
0.77
1.24
1.08
0.94
0.9
1.16
0.82
0.99
0.78
0.76
0.76
0.73
0.66
0.67
0.51
0.75
0.82
0.67
0.66
0.7
0.71
0.98
0.76
1.21
1.18
1.21
1.34
1.14
1.04
1.91
1.46
1.55
0.89
1.47
1.39
1.35
1.21
0.89
1.09
0.64
0.79
0.64
0.77
0.69
0.49
0.57
0.7
0.57
0.76
0.71
0.62
0.63
0.55
0.52
0.67
0.9
0.73
0.86
0.56
0.86
