2.0 0.0
3.9 2.81
5.9 2.42
7.8 1.38
9.8 1.21
11.7 1.17
13.7 1.34
15.6 1.27
17.6 1.55
19.5 1.4
21.5 1.3
23.4 1.49
25.4 1.07
27.3 1.06
29.3 1.06
31.2 1.28
33.2 1.12
35.2 1.22
37.1 1.26
39.1 0.99
41.0 0.87
43.0 0.94
44.9 1.03
46.9 1.38
48.8 1.55
50.8 1.57
52.7 1.27
54.7 0.99
56.6 0.86
58.6 0.84
60.5 0.81
62.5 1.34
64.5 1.85
66.4 3.08
68.4 1.01
70.3 0.97
72.3 0.77
74.2 0.94
76.2 0.68
78.1 0.85
80.1 0.9
82.0 0.92
84.0 0.82
85.9 0.89
87.9 1.03
89.8 0.85
91.8 1.0
93.8 1.04
95.7 0.87
97.7 0.9
99.6 1.01
101.6 0.77
103.5 0.69
105.5 0.74
107.4 0.68
109.4 0.91
111.3 0.93
113.3 0.82
115.2 0.9
117.2 0.9
119.1 0.74
121.1 0.7
123.0 0.76
125.0 0.74
127.0 0.92
128.9 1.35
130.9 1.28
132.8 0.83
134.8 0.81
136.7 0.71
138.7 0.72
140.6 0.84
142.6 0.78
144.5 0.83
146.5 0.87
148.4 0.81
150.4 0.86
152.3 0.68
154.3 0.89
156.2 0.7
158.2 0.71
160.2 0.89
162.1 0.78
164.1 0.84
166.0 0.73
168.0 0.78
169.9 0.67
171.9 0.65
173.8 0.77
175.8 0.79
177.7 0.74
179.7 0.92
181.6 0.77
183.6 0.71
185.5 0.7
187.5 0.9
189.5 0.97
191.4 0.97
193.4 0.93
195.3 1.04
197.3 1.04
199.2 0.77
201.2 0.8
203.1 0.8
205.1 0.89
207.0 0.84
209.0 0.81
210.9 0.83
212.9 1.07
214.8 0.84
216.8 1.07
218.8 0.95
220.7 1.1
222.7 1.01
224.6 1.13
226.6 1.26
228.5 1.05
230.5 1.02
232.4 1.13
234.4 1.06
236.3 0.94
238.3 1.08
240.2 0.9
242.2 1.03
244.1 1.12
246.1 1.04
248.0 0.88
250.0 0.92
