0.5 0.0
1.0 3.14
1.5 2.21
2.0 2.46
2.4 2.2
2.9 2.3
3.4 1.87
3.9 1.73
4.4 1.13
4.9 1.38
5.4 0.88
5.9 1.27
6.3 0.84
6.8 1.02
7.3 0.96
7.8 0.8
8.3 0.93
8.8 0.57
9.3 0.86
9.8 0.9
10.3 0.87
10.7 0.92
11.2 1.15
11.7 1.34
12.2 1.06
12.7 1.14
13.2 1.31
13.7 1.02
14.2 0.92
14.6 1.14
15.1 0.76
15.6 1.0
16.1 1.0
16.6 1.37
17.1 1.21
17.6 0.86
18.1 1.23
18.6 1.07
19.0 0.9
19.5 0.83
20.0 0.83
20.5 1.28
21.0 1.05
21.5 1.22
22.0 1.05
22.5 1.1
22.9 0.58
23.4 0.76
23.9 0.76
24.4 0.83
24.9 0.74
25.4 0.86
25.9 0.74
26.4 0.96
26.9 0.69
27.3 1.07
27.8 0.66
28.3 0.88
28.8 0.79
29.3 1.29
29.8 0.82
30.3 1.12
30.8 1.05
31.2 0.89
31.7 1.25
32.2 0.88
32.7 0.74
33.2 1.19
33.7 0.77
34.2 1.24
34.7 1.08
35.2 0.94
35.6 0.9
36.1 1.16
36.6 0.82
37.1 0.99
37.6 0.78
38.1 0.76
38.6 0.76
39.1 0.73
39.6 0.66
40.0 0.67
40.5 0.51
41.0 0.75
41.5 0.82
42.0 0.67
42.5 0.66
43.0 0.7
43.5 0.71
43.9 0.98
44.4 0.76
44.9 1.21
45.4 1.18
45.9 1.21
46.4 1.34
46.9 1.14
47.4 1.04
47.9 1.91
48.3 1.46
48.8 1.55
49.3 0.89
49.8 1.47
50.3 1.39
50.8 1.35
51.3 1.21
51.8 0.89
52.2 1.09
52.7 0.64
53.2 0.79
53.7 0.64
54.2 0.77
54.7 0.69
55.2 0.49
55.7 0.57
56.2 0.7
56.6 0.57
57.1 0.76
57.6 0.71
58.1 0.62
58.6 0.63
59.1 0.55
59.6 0.52
60.1 0.67
60.5 0.9
61.0 0.73
61.5 0.86
62.0 0.56
62.5 0.86
