1 268
1 43
3 4
3 456
5 197
5 86
7 162
7 323
9 448
9 660
11 1516
11 370
13 1139
13 486
15 113
15 1452
17 1177
17 532
19 156
19 467
21 76
21 371
23 582
23 122
25 143
25 176
27 83
27 19
29 409
29 297
31 984
31 231
33 938
33 201
35 1027
35 880
37 41
37 942
39 44
39 709
41 145
41 323
42 159
42 345
44 161
44 167
46 9
46 21
48 305
48 479
50 613
50 39
52 187
52 714
54 418
54 106
56 840
56 251
58 312
58 128
60 46
60 282
62 434
62 175
64 6
64 63
66 247
66 95
68 68
68 106
70 41
70 687
72 727
72 2446
74 133
74 655
76 701
76 545
78 44
78 95
80 269
80 486
82 74
82 141
83 304
83 218
85 273
85 53
87 329
87 454
89 659
89 374
91 920
91 107
93 225
93 123
95 37
95 775
97 635
97 321
99 386
99 256
101 343
101 68
103 908
103 172
105 1045
105 234
107 2030
107 3556
109 46
109 270
111 1008
111 2147
113 276
113 830
115 731
115 260
117 266
117 551
119 149
119 642
121 1233
121 159
123 592
123 426
125 667
125 458
126 364
126 52
128 26
128 620
130 207
130 55
132 157
132 464
134 739
134 360
136 188
136 491
138 420
138 267
140 79
140 1520
142 433
142 704
144 27
144 64
146 415
146 361
148 236
148 29
150 278
150 10
152 586
152 54
154 284
154 46
156 134
156 55
158 492
158 411
160 614
160 315
162 113
162 70
164 107
164 77
166 323
166 1
167 278
167 48
169 132
169 25
171 427
171 291
173 336
173 55
175 86
175 105
177 142
177 117
179 497
179 170
181 168
181 34
183 29
183 230
185 107
185 184
187 306
187 181
189 82
189 20
191 373
191 331
193 51
193 36
195 193
195 309
197 102
197 117
199 252
199 36
201 395
201 429
203 147
203 101
205 102
205 4
207 226
207 56
208 148
208 16
210 9
210 116
212 79
212 100
214 369
214 178
216 56
216 35
218 120
218 47
220 8
220 211
222 181
222 74
224 33
224 175
226 233
226 49
228 75
228 118
230 26
230 19
232 361
232 137
234 263
234 88
236 57
236 12
238 13
238 212
240 216
240 121
242 185
242 17
244 57
244 141
246 204
246 19
248 231
248 78
250 205
