0.0
0.79
0.86
0.81
0.79
0.87
0.9
0.95
1.17
1.24
1.45
1.98
2.13
3.43
7.32
26.22
8.82
3.93
2.38
2.15
1.44
1.21
1.21
1.18
0.89
0.76
0.81
0.67
0.67
1.4
1.22
0.78
0.92
0.74
0.82
0.71
0.63
0.6
0.51
0.51
0.47
0.44
0.49
0.45
0.56
0.5
0.64
1.31
0.77
0.89
0.57
0.51
0.48
0.43
0.46
0.47
0.4
0.37
0.44
0.41
0.41
0.43
0.4
0.39
0.64
0.42
0.45
0.46
0.43
0.53
0.4
0.41
0.39
0.4
0.47
0.47
0.45
0.43
0.48
0.73
0.65
0.71
0.52
0.46
0.4
0.49
0.41
0.43
0.39
0.39
0.47
0.37
0.4
0.43
0.34
0.51
0.54
0.41
0.41
0.42
0.39
0.51
0.4
0.37
0.41
0.35
0.48
0.39
0.49
0.46
0.55
0.66
0.55
0.53
0.46
0.5
0.42
0.56
0.39
0.45
0.34
0.38
0.49
0.4
0.46
0.38
0.39
0.53
0.0
0.47
0.4
0.41
0.51
0.4
0.46
0.47
0.44
0.41
0.41
0.55
0.45
0.43
0.56
0.43
0.56
0.6
0.61
0.62
0.67
0.75
1.07
1.24
1.07
1.25
1.58
2.03
3.39
11.89
20.47
15.76
4.39
2.59
1.91
1.52
1.12
1.72
0.98
0.85
0.74
0.74
0.65
0.65
0.86
0.77
0.74
0.74
0.61
0.5
0.49
0.58
0.46
0.49
0.44
0.51
0.49
0.47
1.24
1.22
0.88
0.58
0.71
0.49
0.83
0.57
0.68
0.57
0.68
0.56
0.45
0.43
0.38
0.37
0.48
0.37
0.31
0.31
0.32
0.33
0.31
0.31
0.36
0.32
0.35
0.3
0.38
0.36
0.38
0.49
0.37
0.47
0.52
0.72
1.04
0.77
0.55
0.71
0.65
0.42
0.35
0.38
0.38
0.31
0.3
0.33
0.31
0.3
0.32
0.31
0.41
0.35
0.33
0.31
0.27
0.24
0.36
0.32
0.33
0.27
0.37
0.35
0.31
0.36
0.27
0.24
0.26
0.42
0.0
0.37
0.22
0.24
0.24
0.26
0.24
0.26
0.27
0.27
0.22
0.23
0.23
0.19
0.22
0.23
0.23
0.19
0.22
0.2
0.22
0.22
0.29
0.21
0.18
0.2
0.15
0.21
0.3
0.25
0.28
0.28
0.28
0.2
0.32
0.24
0.35
0.27
0.27
0.31
0.38
0.37
0.41
0.52
0.68
0.77
0.72
0.46
0.46
0.53
0.58
0.49
0.7
0.73
0.83
0.98
1.36
2.44
6.48
12.41
18.14
15.04
13.06
5.82
2.12
1.36
1.44
1.01
0.9
1.0
0.7
0.59
0.64
0.64
0.9
1.21
0.55
0.54
0.41
0.35
0.39
0.36
0.41
0.31
0.4
0.34
0.32
0.39
0.51
0.35
0.51
0.5
0.48
0.62
0.5
0.45
0.48
0.37
0.33
0.31
0.32
0.23
0.41
0.26
0.29
0.32
0.34
0.32
0.24
0.29
0.3
0.25
0.3
0.26
0.21
0.42
0.75
0.92
0.78
0.98
0.69
0.39
0.36
0.43
0.56
0.32
0.22
0.24
