0.0 0.0
0.5 0.37
1.0 0.22
1.5 0.24
2.0 0.24
2.4 0.26
2.9 0.24
3.4 0.26
3.9 0.27
4.4 0.27
4.9 0.22
5.4 0.23
5.9 0.23
6.3 0.19
6.8 0.22
7.3 0.23
7.8 0.23
8.3 0.19
8.8 0.22
9.3 0.2
9.8 0.22
10.3 0.22
10.7 0.29
11.2 0.21
11.7 0.18
12.2 0.2
12.7 0.15
13.2 0.21
13.7 0.3
14.2 0.25
14.6 0.28
15.1 0.28
15.6 0.28
16.1 0.2
16.6 0.32
17.1 0.24
17.6 0.35
18.1 0.27
18.6 0.27
19.0 0.31
19.5 0.38
20.0 0.37
20.5 0.41
21.0 0.52
21.5 0.68
22.0 0.77
22.5 0.72
22.9 0.46
23.4 0.46
23.9 0.53
24.4 0.58
24.9 0.49
25.4 0.7
25.9 0.73
26.4 0.83
26.9 0.98
27.3 1.36
27.8 2.44
28.3 6.48
28.8 12.41
29.3 18.14
29.8 15.04
30.3 13.06
30.8 5.82
31.2 2.12
31.7 1.36
32.2 1.44
32.7 1.01
33.2 0.9
33.7 1.0
34.2 0.7
34.7 0.59
35.2 0.64
35.6 0.64
36.1 0.9
36.6 1.21
37.1 0.55
37.6 0.54
38.1 0.41
38.6 0.35
39.1 0.39
39.6 0.36
40.0 0.41
40.5 0.31
41.0 0.4
41.5 0.34
42.0 0.32
42.5 0.39
43.0 0.51
43.5 0.35
43.9 0.51
44.4 0.5
44.9 0.48
45.4 0.62
45.9 0.5
46.4 0.45
46.9 0.48
47.4 0.37
47.9 0.33
48.3 0.31
48.8 0.32
49.3 0.23
49.8 0.41
50.3 0.26
50.8 0.29
51.3 0.32
51.8 0.34
52.2 0.32
52.7 0.24
53.2 0.29
53.7 0.3
54.2 0.25
54.7 0.3
55.2 0.26
55.7 0.21
56.2 0.42
56.6 0.75
57.1 0.92
57.6 0.78
58.1 0.98
58.6 0.69
59.1 0.39
59.6 0.36
60.1 0.43
60.5 0.56
61.0 0.32
61.5 0.22
62.0 0.24
