0.0 0.0
1.0 0.47
2.0 0.4
2.9 0.41
3.9 0.51
4.9 0.4
5.9 0.46
6.8 0.47
7.8 0.44
8.8 0.41
9.8 0.41
10.7 0.55
11.7 0.45
12.7 0.43
13.7 0.56
14.6 0.43
15.6 0.56
16.6 0.6
17.6 0.61
18.6 0.62
19.5 0.67
20.5 0.75
21.5 1.07
22.5 1.24
23.4 1.07
24.4 1.25
25.4 1.58
26.4 2.03
27.3 3.39
28.3 11.89
29.3 20.47
30.3 15.76
31.2 4.39
32.2 2.59
33.2 1.91
34.2 1.52
35.2 1.12
36.1 1.72
37.1 0.98
38.1 0.85
39.1 0.74
40.0 0.74
41.0 0.65
42.0 0.65
43.0 0.86
43.9 0.77
44.9 0.74
45.9 0.74
46.9 0.61
47.9 0.5
48.8 0.49
49.8 0.58
50.8 0.46
51.8 0.49
52.7 0.44
53.7 0.51
54.7 0.49
55.7 0.47
56.6 1.24
57.6 1.22
58.6 0.88
59.6 0.58
60.5 0.71
61.5 0.49
62.5 0.83
63.5 0.57
64.5 0.68
65.4 0.57
66.4 0.68
67.4 0.56
68.4 0.45
69.3 0.43
70.3 0.38
71.3 0.37
72.3 0.48
73.2 0.37
74.2 0.31
75.2 0.31
76.2 0.32
77.1 0.33
78.1 0.31
79.1 0.31
80.1 0.36
81.1 0.32
82.0 0.35
83.0 0.3
84.0 0.38
85.0 0.36
85.9 0.38
86.9 0.49
87.9 0.37
88.9 0.47
89.8 0.52
90.8 0.72
91.8 1.04
92.8 0.77
93.8 0.55
94.7 0.71
95.7 0.65
96.7 0.42
97.7 0.35
98.6 0.38
99.6 0.38
100.6 0.31
101.6 0.3
102.5 0.33
103.5 0.31
104.5 0.3
105.5 0.32
106.4 0.31
107.4 0.41
108.4 0.35
109.4 0.33
110.4 0.31
111.3 0.27
112.3 0.24
113.3 0.36
114.3 0.32
115.2 0.33
116.2 0.27
117.2 0.37
118.2 0.35
119.1 0.31
120.1 0.36
121.1 0.27
122.1 0.24
123.0 0.26
124.0 0.42
