0.0 0.0
2.0 0.79
3.9 0.86
5.9 0.81
7.8 0.79
9.8 0.87
11.7 0.9
13.7 0.95
15.6 1.17
17.6 1.24
19.5 1.45
21.5 1.98
23.4 2.13
25.4 3.43
27.3 7.32
29.3 26.22
31.2 8.82
33.2 3.93
35.2 2.38
37.1 2.15
39.1 1.44
41.0 1.21
43.0 1.21
44.9 1.18
46.9 0.89
48.8 0.76
50.8 0.81
52.7 0.67
54.7 0.67
56.6 1.4
58.6 1.22
60.5 0.78
62.5 0.92
64.5 0.74
66.4 0.82
68.4 0.71
70.3 0.63
72.3 0.6
74.2 0.51
76.2 0.51
78.1 0.47
80.1 0.44
82.0 0.49
84.0 0.45
85.9 0.56
87.9 0.5
89.8 0.64
91.8 1.31
93.8 0.77
95.7 0.89
97.7 0.57
99.6 0.51
101.6 0.48
103.5 0.43
105.5 0.46
107.4 0.47
109.4 0.4
111.3 0.37
113.3 0.44
115.2 0.41
117.2 0.41
119.1 0.43
121.1 0.4
123.0 0.39
125.0 0.64
127.0 0.42
128.9 0.45
130.9 0.46
132.8 0.43
134.8 0.53
136.7 0.4
138.7 0.41
140.6 0.39
142.6 0.4
144.5 0.47
146.5 0.47
148.4 0.45
150.4 0.43
152.3 0.48
154.3 0.73
156.2 0.65
158.2 0.71
160.2 0.52
162.1 0.46
164.1 0.4
166.0 0.49
168.0 0.41
169.9 0.43
171.9 0.39
173.8 0.39
175.8 0.47
177.7 0.37
179.7 0.4
181.6 0.43
183.6 0.34
185.5 0.51
187.5 0.54
189.5 0.41
191.4 0.41
193.4 0.42
195.3 0.39
197.3 0.51
199.2 0.4
201.2 0.37
203.1 0.41
205.1 0.35
207.0 0.48
209.0 0.39
210.9 0.49
212.9 0.46
214.8 0.55
216.8 0.66
218.8 0.55
220.7 0.53
222.7 0.46
224.6 0.5
226.6 0.42
228.5 0.56
230.5 0.39
232.4 0.45
234.4 0.34
236.3 0.38
238.3 0.49
240.2 0.4
242.2 0.46
244.1 0.38
246.1 0.39
248.0 0.53
