0.0
0.72
0.71
0.85
0.66
0.86
0.88
0.68
0.65
0.77
0.77
0.76
0.66
0.85
1.56
0.88
0.93
0.67
1.15
0.87
0.78
0.91
0.66
0.65
0.73
0.86
0.91
0.77
0.84
0.86
0.85
0.76
1.21
0.66
0.71
0.92
1.02
0.9
0.98
1.05
1.11
1.18
1.77
1.85
3.29
9.89
7.99
2.89
1.72
1.41
1.43
0.94
0.93
0.85
0.82
0.75
0.81
0.82
0.84
0.8
0.86
0.94
0.88
0.82
1.29
0.64
0.86
0.73
0.68
0.72
0.73
0.73
0.74
0.6
0.76
0.58
0.84
1.26
0.83
0.69
0.69
0.9
0.98
0.61
0.72
0.73
0.71
0.81
0.63
0.83
0.78
0.81
0.75
0.75
0.87
1.17
1.31
0.8
0.65
0.72
0.61
0.83
0.85
0.64
0.67
0.64
0.66
0.82
0.62
0.97
0.65
0.58
0.77
0.57
0.96
0.64
0.64
0.66
0.71
0.74
0.69
0.73
0.87
0.64
0.71
0.73
0.76
1.25
0.0
0.65
0.64
0.76
0.57
0.68
0.86
0.72
0.72
0.83
0.93
0.81
1.02
0.86
0.55
0.8
0.67
0.8
0.8
0.75
0.75
0.76
0.66
0.94
0.61
0.72
0.72
2.33
0.9
0.8
0.62
0.86
0.77
0.8
0.59
0.64
0.9
1.38
0.84
0.76
0.82
0.91
0.68
0.85
0.73
0.62
0.6
0.73
0.63
0.8
0.84
1.05
0.73
0.86
0.69
0.77
0.91
0.8
0.75
0.63
0.83
0.8
0.77
0.77
1.44
0.91
0.75
0.75
0.6
0.72
0.86
0.82
0.81
0.79
0.7
0.7
0.72
0.82
0.87
0.79
1.03
0.84
1.01
0.84
1.17
1.07
0.98
1.73
1.4
1.46
2.68
19.81
2.27
1.18
1.19
0.84
0.84
0.8
0.93
0.89
1.44
1.06
0.89
0.84
0.88
0.64
0.92
0.76
0.69
0.74
0.64
0.95
0.65
0.84
0.82
0.76
0.86
0.78
0.8
0.7
0.63
0.98
0.67
0.71
0.62
0.53
0.35
0.5
0.0
1.19
0.76
0.62
0.96
0.86
0.98
0.74
0.84
0.79
0.73
1.31
1.11
1.24
0.94
0.88
0.77
1.05
1.21
0.84
1.25
1.06
0.65
1.06
1.52
0.95
1.09
0.92
0.64
0.82
0.94
0.82
1.08
0.95
0.89
0.91
0.79
1.52
0.77
0.8
1.02
1.11
0.86
1.1
0.95
1.14
0.89
1.03
0.86
0.62
0.88
1.0
0.86
1.44
3.63
1.61
1.15
0.93
1.05
0.88
0.77
1.31
1.12
0.92
0.83
1.15
1.11
0.82
0.83
0.82
0.92
1.04
0.95
2.83
1.1
0.9
0.88
0.8
1.19
0.65
1.01
1.08
1.19
1.1
1.08
0.86
1.25
0.92
0.81
0.86
0.87
0.74
0.9
0.71
0.81
1.15
0.94
0.99
0.77
0.94
0.98
0.76
1.48
0.87
1.06
0.99
1.11
0.67
0.95
1.07
0.96
0.87
1.15
1.16
0.96
1.07
0.94
0.89
0.77
1.18
1.12
0.77
0.96
1.13
0.74
0.95
0.77
1.47
