1.0 0.0
2.0 0.65
2.9 0.64
3.9 0.76
4.9 0.57
5.9 0.68
6.8 0.86
7.8 0.72
8.8 0.72
9.8 0.83
10.7 0.93
11.7 0.81
12.7 1.02
13.7 0.86
14.6 0.55
15.6 0.8
16.6 0.67
17.6 0.8
18.6 0.8
19.5 0.75
20.5 0.75
21.5 0.76
22.5 0.66
23.4 0.94
24.4 0.61
25.4 0.72
26.4 0.72
27.3 2.33
28.3 0.9
29.3 0.8
30.3 0.62
31.2 0.86
32.2 0.77
33.2 0.8
34.2 0.59
35.2 0.64
36.1 0.9
37.1 1.38
38.1 0.84
39.1 0.76
40.0 0.82
41.0 0.91
42.0 0.68
43.0 0.85
43.9 0.73
44.9 0.62
45.9 0.6
46.9 0.73
47.9 0.63
48.8 0.8
49.8 0.84
50.8 1.05
51.8 0.73
52.7 0.86
53.7 0.69
54.7 0.77
55.7 0.91
56.6 0.8
57.6 0.75
58.6 0.63
59.6 0.83
60.5 0.8
61.5 0.77
62.5 0.77
63.5 1.44
64.5 0.91
65.4 0.75
66.4 0.75
67.4 0.6
68.4 0.72
69.3 0.86
70.3 0.82
71.3 0.81
72.3 0.79
73.2 0.7
74.2 0.7
75.2 0.72
76.2 0.82
77.1 0.87
78.1 0.79
79.1 1.03
80.1 0.84
81.1 1.01
82.0 0.84
83.0 1.17
84.0 1.07
85.0 0.98
85.9 1.73
86.9 1.4
87.9 1.46
88.9 2.68
89.8 19.81
90.8 2.27
91.8 1.18
92.8 1.19
93.8 0.84
94.7 0.84
95.7 0.8
96.7 0.93
97.7 0.89
98.6 1.44
99.6 1.06
100.6 0.89
101.6 0.84
102.5 0.88
103.5 0.64
104.5 0.92
105.5 0.76
106.4 0.69
107.4 0.74
108.4 0.64
109.4 0.95
110.4 0.65
111.3 0.84
112.3 0.82
113.3 0.76
114.3 0.86
115.2 0.78
116.2 0.8
117.2 0.7
118.2 0.63
119.1 0.98
120.1 0.67
121.1 0.71
122.1 0.62
123.0 0.53
124.0 0.35
125.0 0.5
