0.5 0.0
1.0 1.19
1.5 0.76
2.0 0.62
2.4 0.96
2.9 0.86
3.4 0.98
3.9 0.74
4.4 0.84
4.9 0.79
5.4 0.73
5.9 1.31
6.3 1.11
6.8 1.24
7.3 0.94
7.8 0.88
8.3 0.77
8.8 1.05
9.3 1.21
9.8 0.84
10.3 1.25
10.7 1.06
11.2 0.65
11.7 1.06
12.2 1.52
12.7 0.95
13.2 1.09
13.7 0.92
14.2 0.64
14.6 0.82
15.1 0.94
15.6 0.82
16.1 1.08
16.6 0.95
17.1 0.89
17.6 0.91
18.1 0.79
18.6 1.52
19.0 0.77
19.5 0.8
20.0 1.02
20.5 1.11
21.0 0.86
21.5 1.1
22.0 0.95
22.5 1.14
22.9 0.89
23.4 1.03
23.9 0.86
24.4 0.62
24.9 0.88
25.4 1.0
25.9 0.86
26.4 1.44
26.9 3.63
27.3 1.61
27.8 1.15
28.3 0.93
28.8 1.05
29.3 0.88
29.8 0.77
30.3 1.31
30.8 1.12
31.2 0.92
31.7 0.83
32.2 1.15
32.7 1.11
33.2 0.82
33.7 0.83
34.2 0.82
34.7 0.92
35.2 1.04
35.6 0.95
36.1 2.83
36.6 1.1
37.1 0.9
37.6 0.88
38.1 0.8
38.6 1.19
39.1 0.65
39.6 1.01
40.0 1.08
40.5 1.19
41.0 1.1
41.5 1.08
42.0 0.86
42.5 1.25
43.0 0.92
43.5 0.81
43.9 0.86
44.4 0.87
44.9 0.74
45.4 0.9
45.9 0.71
46.4 0.81
46.9 1.15
47.4 0.94
47.9 0.99
48.3 0.77
48.8 0.94
49.3 0.98
49.8 0.76
50.3 1.48
50.8 0.87
51.3 1.06
51.8 0.99
52.2 1.11
52.7 0.67
53.2 0.95
53.7 1.07
54.2 0.96
54.7 0.87
55.2 1.15
55.7 1.16
56.2 0.96
56.6 1.07
57.1 0.94
57.6 0.89
58.1 0.77
58.6 1.18
59.1 1.12
59.6 0.77
60.1 0.96
60.5 1.13
61.0 0.74
61.5 0.95
62.0 0.77
62.5 1.47
