2.0 0.0
3.9 0.72
5.9 0.71
7.8 0.85
9.8 0.66
11.7 0.86
13.7 0.88
15.6 0.68
17.6 0.65
19.5 0.77
21.5 0.77
23.4 0.76
25.4 0.66
27.3 0.85
29.3 1.56
31.2 0.88
33.2 0.93
35.2 0.67
37.1 1.15
39.1 0.87
41.0 0.78
43.0 0.91
44.9 0.66
46.9 0.65
48.8 0.73
50.8 0.86
52.7 0.91
54.7 0.77
56.6 0.84
58.6 0.86
60.5 0.85
62.5 0.76
64.5 1.21
66.4 0.66
68.4 0.71
70.3 0.92
72.3 1.02
74.2 0.9
76.2 0.98
78.1 1.05
80.1 1.11
82.0 1.18
84.0 1.77
85.9 1.85
87.9 3.29
89.8 9.89
91.8 7.99
93.8 2.89
95.7 1.72
97.7 1.41
99.6 1.43
101.6 0.94
103.5 0.93
105.5 0.85
107.4 0.82
109.4 0.75
111.3 0.81
113.3 0.82
115.2 0.84
117.2 0.8
119.1 0.86
121.1 0.94
123.0 0.88
125.0 0.82
127.0 1.29
128.9 0.64
130.9 0.86
132.8 0.73
134.8 0.68
136.7 0.72
138.7 0.73
140.6 0.73
142.6 0.74
144.5 0.6
146.5 0.76
148.4 0.58
150.4 0.84
152.3 1.26
154.3 0.83
156.2 0.69
158.2 0.69
160.2 0.9
162.1 0.98
164.1 0.61
166.0 0.72
168.0 0.73
169.9 0.71
171.9 0.81
173.8 0.63
175.8 0.83
177.7 0.78
179.7 0.81
181.6 0.75
183.6 0.75
185.5 0.87
187.5 1.17
189.5 1.31
191.4 0.8
193.4 0.65
195.3 0.72
197.3 0.61
199.2 0.83
201.2 0.85
203.1 0.64
205.1 0.67
207.0 0.64
209.0 0.66
210.9 0.82
212.9 0.62
214.8 0.97
216.8 0.65
218.8 0.58
220.7 0.77
222.7 0.57
224.6 0.96
226.6 0.64
228.5 0.64
230.5 0.66
232.4 0.71
234.4 0.74
236.3 0.69
238.3 0.73
240.2 0.87
242.2 0.64
244.1 0.71
246.1 0.73
248.0 0.76
250.0 1.25
